3998.51641	0.00320
3997.08837	0.00313
3995.66033	0.00308
3994.23229	0.00308
3992.80425	0.00315
3991.37620	0.00325
3989.94816	0.00333
3988.52012	0.00333
3987.09208	0.00329
3985.66404	0.00324
3984.23600	0.00318
3982.80796	0.00311
3981.37991	0.00305
3979.95187	0.00303
3978.52383	0.00304
3977.09579	0.00308
3975.66775	0.00311
3974.23971	0.00312
3972.81166	0.00309
3971.38362	0.00307
3969.95558	0.00305
3968.52754	0.00302
3967.09950	0.00300
3965.67146	0.00302
3964.24341	0.00306
3962.81537	0.00311
3961.38733	0.00313
3959.95929	0.00310
3958.53125	0.00306
3957.10321	0.00302
3955.67517	0.00300
3954.24712	0.00300
3952.81908	0.00299
3951.39104	0.00296
3949.96300	0.00294
3948.53496	0.00292
3947.10692	0.00292
3945.67887	0.00293
3944.25083	0.00293
3942.82279	0.00294
3941.39475	0.00295
3939.96671	0.00296
3938.53867	0.00298
3937.11062	0.00300
3935.68258	0.00301
3934.25454	0.00298
3932.82650	0.00290
3931.39846	0.00281
3929.97042	0.00275
3928.54238	0.00275
3927.11433	0.00276
3925.68629	0.00276
3924.25825	0.00276
3922.83021	0.00278
3921.40217	0.00283
3919.97413	0.00287
3918.54608	0.00283
3917.11804	0.00276
3915.69000	0.00274
3914.26196	0.00280
3912.83392	0.00286
3911.40588	0.00287
3909.97783	0.00284
3908.54979	0.00280
3907.12175	0.00273
3905.69371	0.00259
3904.26567	0.00241
3902.83763	0.00228
3901.40959	0.00228
3899.98154	0.00235
3898.55350	0.00247
3897.12546	0.00258
3895.69742	0.00267
3894.26938	0.00271
3892.84134	0.00268
3891.41329	0.00261
3889.98525	0.00253
3888.55721	0.00246
3887.12917	0.00237
3885.70113	0.00233
3884.27309	0.00239
3882.84504	0.00248
3881.41700	0.00250
3879.98896	0.00247
3878.56092	0.00249
3877.13288	0.00253
3875.70484	0.00251
3874.27680	0.00240
3872.84875	0.00221
3871.42071	0.00204
3869.99267	0.00198
3868.56463	0.00207
3867.13659	0.00221
3865.70855	0.00227
3864.28050	0.00226
3862.85246	0.00228
3861.42442	0.00235
3859.99638	0.00239
3858.56834	0.00236
3857.14030	0.00222
3855.71226	0.00195
3854.28421	0.00160
3852.85617	0.00155
3851.42813	0.00183
3850.00009	0.00208
3848.57205	0.00223
3847.14401	0.00231
3845.71596	0.00235
3844.28792	0.00235
3842.85988	0.00229
3841.43184	0.00216
3840.00380	0.00198
3838.57576	0.00181
3837.14771	0.00174
3835.71967	0.00182
3834.29163	0.00199
3832.86359	0.00217
3831.43555	0.00229
3830.00751	0.00231
3828.57947	0.00228
3827.15142	0.00225
3825.72338	0.00226
3824.29534	0.00226
3822.86730	0.00218
3821.43926	0.00198
3820.01122	0.00182
3818.58317	0.00180
3817.15513	0.00188
3815.72709	0.00206
3814.29905	0.00226
3812.87101	0.00239
3811.44297	0.00245
3810.01492	0.00246
3808.58688	0.00242
3807.15884	0.00231
3805.73080	0.00220
3804.30276	0.00213
3802.87472	0.00205
3801.44668	0.00199
3800.01863	0.00201
3798.59059	0.00207
3797.16255	0.00210
3795.73451	0.00212
3794.30647	0.00220
3792.87843	0.00231
3791.45038	0.00240
3790.02234	0.00243
3788.59430	0.00240
3787.16626	0.00233
3785.73822	0.00227
3784.31018	0.00224
3782.88213	0.00224
3781.45409	0.00222
3780.02605	0.00218
3778.59801	0.00219
3777.16997	0.00225
3775.74193	0.00231
3774.31389	0.00233
3772.88584	0.00231
3771.45780	0.00222
3770.02976	0.00209
3768.60172	0.00200
3767.17368	0.00200
3765.74564	0.00206
3764.31759	0.00215
3762.88955	0.00223
3761.46151	0.00229
3760.03347	0.00233
3758.60543	0.00237
3757.17739	0.00237
3755.74934	0.00231
3754.32130	0.00220
3752.89326	0.00205
3751.46522	0.00183
3750.03718	0.00163
3748.60914	0.00162
3747.18110	0.00173
3745.75305	0.00186
3744.32501	0.00198
3742.89697	0.00205
3741.46893	0.00208
3740.04089	0.00210
3738.61285	0.00206
3737.18480	0.00191
3735.75676	0.00170
3734.32872	0.00164
3732.90068	0.00179
3731.47264	0.00198
3730.04460	0.00213
3728.61655	0.00227
3727.18851	0.00238
3725.76047	0.00240
3724.33243	0.00229
3722.90439	0.00217
3721.47635	0.00214
3720.04831	0.00223
3718.62026	0.00237
3717.19222	0.00247
3715.76418	0.00248
3714.33614	0.00242
3712.90810	0.00228
3711.48006	0.00218
3710.05201	0.00227
3708.62397	0.00246
3707.19593	0.00260
3705.76789	0.00266
3704.33985	0.00262
3702.91181	0.00255
3701.48376	0.00259
3700.05572	0.00276
3698.62768	0.00295
3697.19964	0.00307
3695.77160	0.00309
3694.34356	0.00305
3692.91552	0.00301
3691.48747	0.00299
3690.05943	0.00308
3688.63139	0.00325
3687.20335	0.00338
3685.77531	0.00345
3684.34727	0.00351
3682.91922	0.00357
3681.49118	0.00363
3680.06314	0.00365
3678.63510	0.00362
3677.20706	0.00357
3675.77902	0.00362
3674.35097	0.00386
3672.92293	0.00407
3671.49489	0.00420
3670.06685	0.00441
3668.63881	0.00476
3667.21077	0.00510
3665.78273	0.00539
3664.35468	0.00563
3662.92664	0.00584
3661.49860	0.00601
3660.07056	0.00617
3658.64252	0.00632
3657.21448	0.00650
3655.78643	0.00675
3654.35839	0.00700
3652.93035	0.00723
3651.50231	0.00741
3650.07427	0.00754
3648.64623	0.00772
3647.21818	0.00804
3645.79014	0.00836
3644.36210	0.00867
3642.93406	0.00900
3641.50602	0.00935
3640.07798	0.00973
3638.64994	0.01012
3637.22189	0.01047
3635.79385	0.01076
3634.36581	0.01101
3632.93777	0.01119
3631.50973	0.01131
3630.08169	0.01143
3628.65364	0.01171
3627.22560	0.01218
3625.79756	0.01267
3624.36952	0.01312
3622.94148	0.01348
3621.51344	0.01372
3620.08539	0.01387
3618.65735	0.01409
3617.22931	0.01447
3615.80127	0.01489
3614.37323	0.01526
3612.94519	0.01560
3611.51715	0.01595
3610.08910	0.01631
3608.66106	0.01670
3607.23302	0.01716
3605.80498	0.01766
3604.37694	0.01815
3602.94890	0.01858
3601.52085	0.01895
3600.09281	0.01928
3598.66477	0.01964
3597.23673	0.02004
3595.80869	0.02043
3594.38065	0.02082
3592.95261	0.02123
3591.52456	0.02163
3590.09652	0.02198
3588.66848	0.02229
3587.24044	0.02266
3585.81240	0.02317
3584.38436	0.02371
3582.95631	0.02421
3581.52827	0.02468
3580.10023	0.02517
3578.67219	0.02565
3577.24415	0.02608
3575.81611	0.02649
3574.38806	0.02693
3572.96002	0.02740
3571.53198	0.02789
3570.10394	0.02831
3568.67590	0.02863
3567.24786	0.02892
3565.81982	0.02939
3564.39177	0.02999
3562.96373	0.03057
3561.53569	0.03107
3560.10765	0.03154
3558.67961	0.03202
3557.25157	0.03253
3555.82352	0.03304
3554.39548	0.03352
3552.96744	0.03396
3551.53940	0.03440
3550.11136	0.03486
3548.68332	0.03530
3547.25527	0.03565
3545.82723	0.03597
3544.39919	0.03638
3542.97115	0.03693
3541.54311	0.03754
3540.11507	0.03812
3538.68703	0.03862
3537.25898	0.03904
3535.83094	0.03946
3534.40290	0.03993
3532.97486	0.04042
3531.54682	0.04090
3530.11878	0.04133
3528.69073	0.04171
3527.26269	0.04204
3525.83465	0.04237
3524.40661	0.04273
3522.97857	0.04317
3521.55053	0.04370
3520.12248	0.04423
3518.69444	0.04468
3517.26640	0.04505
3515.83836	0.04539
3514.41032	0.04575
3512.98228	0.04613
3511.55424	0.04648
3510.12619	0.04675
3508.69815	0.04699
3507.27011	0.04729
3505.84207	0.04762
3504.41403	0.04793
3502.98599	0.04819
3501.55794	0.04846
3500.12990	0.04878
3498.70186	0.04911
3497.27382	0.04941
3495.84578	0.04969
3494.41774	0.04996
3492.98969	0.05026
3491.56165	0.05060
3490.13361	0.05094
3488.70557	0.05123
3487.27753	0.05147
3485.84949	0.05173
3484.42145	0.05200
3482.99340	0.05223
3481.56536	0.05240
3480.13732	0.05257
3478.70928	0.05280
3477.28124	0.05309
3475.85320	0.05337
3474.42515	0.05362
3472.99711	0.05386
3471.56907	0.05408
3470.14103	0.05426
3468.71299	0.05443
3467.28495	0.05463
3465.85690	0.05490
3464.42886	0.05521
3463.00082	0.05548
3461.57278	0.05568
3460.14474	0.05588
3458.71670	0.05614
3457.28866	0.05645
3455.86061	0.05675
3454.43257	0.05699
3453.00453	0.05720
3451.57649	0.05740
3450.14845	0.05758
3448.72041	0.05773
3447.29236	0.05788
3445.86432	0.05813
3444.43628	0.05847
3443.00824	0.05881
3441.58020	0.05908
3440.15216	0.05933
3438.72411	0.05961
3437.29607	0.05995
3435.86803	0.06032
3434.43999	0.06070
3433.01195	0.06108
3431.58391	0.06146
3430.15587	0.06185
3428.72782	0.06229
3427.29978	0.06276
3425.87174	0.06327
3424.44370	0.06375
3423.01566	0.06417
3421.58762	0.06455
3420.15957	0.06498
3418.73153	0.06548
3417.30349	0.06600
3415.87545	0.06650
3414.44741	0.06699
3413.01937	0.06748
3411.59132	0.06800
3410.16328	0.06854
3408.73524	0.06909
3407.30720	0.06960
3405.87916	0.07009
3404.45112	0.07058
3403.02308	0.07111
3401.59503	0.07168
3400.16699	0.07225
3398.73895	0.07281
3397.31091	0.07337
3395.88287	0.07394
3394.45483	0.07451
3393.02678	0.07505
3391.59874	0.07557
3390.17070	0.07610
3388.74266	0.07666
3387.31462	0.07723
3385.88658	0.07778
3384.45853	0.07830
3383.03049	0.07885
3381.60245	0.07945
3380.17441	0.08009
3378.74637	0.08076
3377.31833	0.08142
3375.89029	0.08209
3374.46224	0.08277
3373.03420	0.08346
3371.60616	0.08416
3370.17812	0.08487
3368.75008	0.08557
3367.32204	0.08625
3365.89399	0.08690
3364.46595	0.08754
3363.03791	0.08822
3361.60987	0.08895
3360.18183	0.08967
3358.75379	0.09034
3357.32575	0.09100
3355.89770	0.09170
3354.46966	0.09252
3353.04162	0.09347
3351.61358	0.09448
3350.18554	0.09542
3348.75750	0.09624
3347.32945	0.09701
3345.90141	0.09784
3344.47337	0.09877
3343.04533	0.09975
3341.61729	0.10071
3340.18925	0.10165
3338.76120	0.10255
3337.33316	0.10336
3335.90512	0.10407
3334.47708	0.10478
3333.04904	0.10555
3331.62100	0.10641
3330.19296	0.10734
3328.76491	0.10836
3327.33687	0.10947
3325.90883	0.11055
3324.48079	0.11150
3323.05275	0.11230
3321.62471	0.11306
3320.19666	0.11384
3318.76862	0.11466
3317.34058	0.11550
3315.91254	0.11639
3314.48450	0.11731
3313.05646	0.11828
3311.62841	0.11931
3310.20037	0.12037
3308.77233	0.12139
3307.34429	0.12237
3305.91625	0.12323
3304.48821	0.12392
3303.06017	0.12445
3301.63212	0.12494
3300.20408	0.12554
3298.77604	0.12628
3297.34800	0.12711
3295.91996	0.12790
3294.49192	0.12854
3293.06387	0.12899
3291.63583	0.12925
3290.20779	0.12937
3288.77975	0.12943
3287.35171	0.12951
3285.92367	0.12966
3284.49562	0.12983
3283.06758	0.12997
3281.63954	0.13007
3280.21150	0.13015
3278.78346	0.13023
3277.35542	0.13037
3275.92738	0.13051
3274.49933	0.13055
3273.07129	0.13043
3271.64325	0.13013
3270.21521	0.12964
3268.78717	0.12895
3267.35913	0.12817
3265.93108	0.12741
3264.50304	0.12673
3263.07500	0.12609
3261.64696	0.12546
3260.21892	0.12484
3258.79088	0.12423
3257.36283	0.12363
3255.93479	0.12294
3254.50675	0.12210
3253.07871	0.12117
3251.65067	0.12031
3250.22263	0.11962
3248.79459	0.11905
3247.36654	0.11841
3245.93850	0.11756
3244.51046	0.11651
3243.08242	0.11546
3241.65438	0.11455
3240.22634	0.11377
3238.79829	0.11305
3237.37025	0.11241
3235.94221	0.11183
3234.51417	0.11123
3233.08613	0.11052
3231.65809	0.10966
3230.23004	0.10871
3228.80200	0.10776
3227.37396	0.10687
3225.94592	0.10606
3224.51788	0.10530
3223.08984	0.10458
3221.66180	0.10388
3220.23375	0.10319
3218.80571	0.10247
3217.37767	0.10171
3215.94963	0.10089
3214.52159	0.10003
3213.09355	0.09917
3211.66550	0.09837
3210.23746	0.09758
3208.80942	0.09676
3207.38138	0.09592
3205.95334	0.09507
3204.52530	0.09421
3203.09725	0.09334
3201.66921	0.09246
3200.24117	0.09156
3198.81313	0.09063
3197.38509	0.08971
3195.95705	0.08880
3194.52901	0.08792
3193.10096	0.08704
3191.67292	0.08613
3190.24488	0.08520
3188.81684	0.08423
3187.38880	0.08322
3185.96076	0.08221
3184.53271	0.08127
3183.10467	0.08040
3181.67663	0.07955
3180.24859	0.07865
3178.82055	0.07768
3177.39251	0.07669
3175.96446	0.07574
3174.53642	0.07487
3173.10838	0.07402
3171.68034	0.07316
3170.25230	0.07229
3168.82426	0.07144
3167.39622	0.07062
3165.96817	0.06980
3164.54013	0.06897
3163.11209	0.06815
3161.68405	0.06737
3160.25601	0.06664
3158.82797	0.06594
3157.39992	0.06529
3155.97188	0.06469
3154.54384	0.06412
3153.11580	0.06354
3151.68776	0.06289
3150.25972	0.06217
3148.83167	0.06140
3147.40363	0.06067
3145.97559	0.06000
3144.54755	0.05944
3143.11951	0.05902
3141.69147	0.05872
3140.26343	0.05844
3138.83538	0.05808
3137.40734	0.05761
3135.97930	0.05711
3134.55126	0.05664
3133.12322	0.05629
3131.69518	0.05605
3130.26713	0.05586
3128.83909	0.05562
3127.41105	0.05535
3125.98301	0.05516
3124.55497	0.05515
3123.12693	0.05528
3121.69888	0.05546
3120.27084	0.05560
3118.84280	0.05568
3117.41476	0.05574
3115.98672	0.05577
3114.55868	0.05577
3113.13064	0.05578
3111.70259	0.05588
3110.27455	0.05606
3108.84651	0.05624
3107.41847	0.05635
3105.99043	0.05643
3104.56239	0.05660
3103.13434	0.05692
3101.70630	0.05736
3100.27826	0.05775
3098.85022	0.05801
3097.42218	0.05818
3095.99414	0.05840
3094.56610	0.05878
3093.13805	0.05934
3091.71001	0.05998
3090.28197	0.06058
3088.85393	0.06109
3087.42589	0.06152
3085.99785	0.06193
3084.56980	0.06232
3083.14176	0.06265
3081.71372	0.06293
3080.28568	0.06319
3078.85764	0.06337
3077.42960	0.06343
3076.00155	0.06335
3074.57351	0.06322
3073.14547	0.06314
3071.71743	0.06321
3070.28939	0.06339
3068.86135	0.06357
3067.43331	0.06358
3066.00526	0.06333
3064.57722	0.06287
3063.14918	0.06233
3061.72114	0.06183
3060.29310	0.06146
3058.86506	0.06123
3057.43701	0.06102
3056.00897	0.06069
3054.58093	0.06024
3053.15289	0.05974
3051.72485	0.05917
3050.29681	0.05852
3048.86876	0.05783
3047.44072	0.05722
3046.01268	0.05671
3044.58464	0.05618
3043.15660	0.05553
3041.72856	0.05473
3040.30052	0.05383
3038.87247	0.05294
3037.44443	0.05219
3036.01639	0.05161
3034.58835	0.05107
3033.16031	0.05040
3031.73227	0.04957
3030.30422	0.04870
3028.87618	0.04792
3027.44814	0.04731
3026.02010	0.04685
3024.59206	0.04642
3023.16402	0.04595
3021.73597	0.04549
3020.30793	0.04511
3018.87989	0.04479
3017.45185	0.04444
3016.02381	0.04409
3014.59577	0.04373
3013.16773	0.04335
3011.73968	0.04291
3010.31164	0.04243
3008.88360	0.04194
3007.45556	0.04155
3006.02752	0.04135
3004.59948	0.04133
3003.17143	0.04142
3001.74339	0.04158
3000.31535	0.04184
2998.88731	0.04219
2997.45927	0.04258
2996.03123	0.04300
2994.60318	0.04347
2993.17514	0.04393
2991.74710	0.04424
2990.31906	0.04438
2988.89102	0.04450
2987.46298	0.04474
2986.03494	0.04515
2984.60689	0.04565
2983.17885	0.04614
2981.75081	0.04648
2980.32277	0.04658
2978.89473	0.04644
2977.46669	0.04613
2976.03864	0.04577
2974.61060	0.04537
2973.18256	0.04492
2971.75452	0.04445
2970.32648	0.04401
2968.89844	0.04366
2967.47039	0.04343
2966.04235	0.04332
2964.61431	0.04327
2963.18627	0.04321
2961.75823	0.04308
2960.33019	0.04291
2958.90215	0.04277
2957.47410	0.04276
2956.04606	0.04294
2954.61802	0.04330
2953.18998	0.04374
2951.76194	0.04423
2950.33390	0.04480
2948.90585	0.04552
2947.47781	0.04639
2946.04977	0.04729
2944.62173	0.04811
2943.19369	0.04880
2941.76565	0.04933
2940.33760	0.04975
2938.90956	0.05005
2937.48152	0.05017
2936.05348	0.05009
2934.62544	0.04986
2933.19740	0.04950
2931.76936	0.04902
2930.34131	0.04836
2928.91327	0.04749
2927.48523	0.04649
2926.05719	0.04547
2924.62915	0.04452
2923.20111	0.04365
2921.77306	0.04288
2920.34502	0.04222
2918.91698	0.04164
2917.48894	0.04106
2916.06090	0.04041
2914.63286	0.03971
2913.20481	0.03902
2911.77677	0.03832
2910.34873	0.03757
2908.92069	0.03678
2907.49265	0.03606
2906.06461	0.03549
2904.63657	0.03504
2903.20852	0.03461
2901.78048	0.03419
2900.35244	0.03384
2898.92440	0.03362
2897.49636	0.03349
2896.06832	0.03332
2894.64027	0.03308
2893.21223	0.03282
2891.78419	0.03261
2890.35615	0.03250
2888.92811	0.03245
2887.50007	0.03246
2886.07202	0.03252
2884.64398	0.03261
2883.21594	0.03267
2881.78790	0.03268
2880.35986	0.03266
2878.93182	0.03261
2877.50378	0.03256
2876.07573	0.03249
2874.64769	0.03230
2873.21965	0.03192
2871.79161	0.03134
2870.36357	0.03066
2868.93553	0.03002
2867.50748	0.02947
2866.07944	0.02899
2864.65140	0.02858
2863.22336	0.02826
2861.79532	0.02802
2860.36728	0.02781
2858.93924	0.02756
2857.51119	0.02727
2856.08315	0.02697
2854.65511	0.02670
2853.22707	0.02651
2851.79903	0.02640
2850.37099	0.02637
2848.94294	0.02635
2847.51490	0.02625
2846.08686	0.02606
2844.65882	0.02586
2843.23078	0.02575
2841.80274	0.02576
2840.37469	0.02581
2838.94665	0.02583
2837.51861	0.02579
2836.09057	0.02569
2834.66253	0.02558
2833.23449	0.02546
2831.80645	0.02531
2830.37840	0.02516
2828.95036	0.02501
2827.52232	0.02491
2826.09428	0.02487
2824.66624	0.02487
2823.23820	0.02485
2821.81015	0.02481
2820.38211	0.02472
2818.95407	0.02461
2817.52603	0.02449
2816.09799	0.02436
2814.66995	0.02424
2813.24190	0.02414
2811.81386	0.02405
2810.38582	0.02393
2808.95778	0.02375
2807.52974	0.02353
2806.10170	0.02330
2804.67366	0.02310
2803.24561	0.02295
2801.81757	0.02287
2800.38953	0.02284
2798.96149	0.02278
2797.53345	0.02262
2796.10541	0.02235
2794.67736	0.02207
2793.24932	0.02186
2791.82128	0.02172
2790.39324	0.02159
2788.96520	0.02137
2787.53716	0.02106
2786.10911	0.02073
2784.68107	0.02045
2783.25303	0.02024
2781.82499	0.02003
2780.39695	0.01983
2778.96891	0.01970
2777.54087	0.01966
2776.11282	0.01964
2774.68478	0.01953
2773.25674	0.01927
2771.82870	0.01894
2770.40066	0.01863
2768.97262	0.01838
2767.54457	0.01821
2766.11653	0.01807
2764.68849	0.01793
2763.26045	0.01778
2761.83241	0.01764
2760.40437	0.01751
2758.97632	0.01739
2757.54828	0.01726
2756.12024	0.01711
2754.69220	0.01699
2753.26416	0.01691
2751.83612	0.01690
2750.40808	0.01690
2748.98003	0.01685
2747.55199	0.01670
2746.12395	0.01647
2744.69591	0.01624
2743.26787	0.01605
2741.83983	0.01594
2740.41178	0.01588
2738.98374	0.01583
2737.55570	0.01574
2736.12766	0.01561
2734.69962	0.01545
2733.27158	0.01530
2731.84353	0.01517
2730.41549	0.01508
2728.98745	0.01504
2727.55941	0.01503
2726.13137	0.01498
2724.70333	0.01487
2723.27529	0.01471
2721.84724	0.01454
2720.41920	0.01437
2718.99116	0.01424
2717.56312	0.01415
2716.13508	0.01407
2714.70704	0.01399
2713.27899	0.01392
2711.85095	0.01388
2710.42291	0.01386
2708.99487	0.01383
2707.56683	0.01376
2706.13879	0.01368
2704.71074	0.01359
2703.28270	0.01351
2701.85466	0.01345
2700.42662	0.01341
2698.99858	0.01337
2697.57054	0.01331
2696.14250	0.01325
2694.71445	0.01318
2693.28641	0.01310
2691.85837	0.01305
2690.43033	0.01300
2689.00229	0.01296
2687.57425	0.01290
2686.14620	0.01285
2684.71816	0.01284
2683.29012	0.01288
2681.86208	0.01295
2680.43404	0.01299
2679.00600	0.01294
2677.57795	0.01281
2676.14991	0.01266
2674.72187	0.01253
2673.29383	0.01242
2671.86579	0.01231
2670.43775	0.01218
2669.00971	0.01207
2667.58166	0.01198
2666.15362	0.01193
2664.72558	0.01190
2663.29754	0.01188
2661.86950	0.01186
2660.44146	0.01181
2659.01341	0.01170
2657.58537	0.01158
2656.15733	0.01148
2654.72929	0.01141
2653.30125	0.01132
2651.87321	0.01123
2650.44516	0.01114
2649.01712	0.01107
2647.58908	0.01102
2646.16104	0.01096
2644.73300	0.01090
2643.30496	0.01084
2641.87692	0.01082
2640.44887	0.01083
2639.02083	0.01083
2637.59279	0.01077
2636.16475	0.01069
2634.73671	0.01059
2633.30867	0.01049
2631.88062	0.01038
2630.45258	0.01028
2629.02454	0.01020
2627.59650	0.01014
2626.16846	0.01008
2624.74042	0.00999
2623.31237	0.00987
2621.88433	0.00976
2620.45629	0.00967
2619.02825	0.00963
2617.60021	0.00962
2616.17217	0.00959
2614.74413	0.00952
2613.31608	0.00944
2611.88804	0.00935
2610.46000	0.00926
2609.03196	0.00916
2607.60392	0.00908
2606.17588	0.00904
2604.74783	0.00901
2603.31979	0.00896
2601.89175	0.00887
2600.46371	0.00875
2599.03567	0.00863
2597.60763	0.00849
2596.17959	0.00837
2594.75154	0.00829
2593.32350	0.00823
2591.89546	0.00816
2590.46742	0.00806
2589.03938	0.00796
2587.61134	0.00789
2586.18329	0.00783
2584.75525	0.00779
2583.32721	0.00774
2581.89917	0.00765
2580.47113	0.00754
2579.04309	0.00745
2577.61504	0.00740
2576.18700	0.00739
2574.75896	0.00734
2573.33092	0.00724
2571.90288	0.00711
2570.47484	0.00700
2569.04680	0.00690
2567.61875	0.00682
2566.19071	0.00671
2564.76267	0.00659
2563.33463	0.00649
2561.90659	0.00643
2560.47855	0.00637
2559.05050	0.00630
2557.62246	0.00623
2556.19442	0.00618
2554.76638	0.00613
2553.33834	0.00605
2551.91030	0.00599
2550.48225	0.00595
2549.05421	0.00592
2547.62617	0.00591
2546.19813	0.00593
2544.77009	0.00596
2543.34205	0.00598
2541.91401	0.00596
2540.48596	0.00589
2539.05792	0.00580
2537.62988	0.00570
2536.20184	0.00563
2534.77380	0.00559
2533.34576	0.00555
2531.91771	0.00550
2530.48967	0.00544
2529.06163	0.00539
2527.63359	0.00534
2526.20555	0.00528
2524.77751	0.00523
2523.34946	0.00524
2521.92142	0.00529
2520.49338	0.00534
2519.06534	0.00533
2517.63730	0.00527
2516.20926	0.00518
2514.78122	0.00510
2513.35317	0.00504
2511.92513	0.00498
2510.49709	0.00493
2509.06905	0.00488
2507.64101	0.00487
2506.21297	0.00489
2504.78492	0.00489
2503.35688	0.00484
2501.92884	0.00477
2500.50080	0.00471
2499.07276	0.00466
2497.64472	0.00461
2496.21667	0.00457
2494.78863	0.00453
2493.36059	0.00450
2491.93255	0.00447
2490.50451	0.00447
2489.07647	0.00448
2487.64843	0.00448
2486.22038	0.00444
2484.79234	0.00438
2483.36430	0.00431
2481.93626	0.00425
2480.50822	0.00421
2479.08018	0.00418
2477.65213	0.00414
2476.22409	0.00408
2474.79605	0.00402
2473.36801	0.00399
2471.93997	0.00398
2470.51193	0.00396
2469.08388	0.00392
2467.65584	0.00386
2466.22780	0.00380
2464.79976	0.00375
2463.37172	0.00372
2461.94368	0.00370
2460.51564	0.00369
2459.08759	0.00370
2457.65955	0.00371
2456.23151	0.00372
2454.80347	0.00371
2453.37543	0.00367
2451.94739	0.00361
2450.51934	0.00357
2449.09130	0.00356
2447.66326	0.00358
2446.23522	0.00360
2444.80718	0.00359
2443.37914	0.00356
2441.95109	0.00356
2440.52305	0.00357
2439.09501	0.00358
2437.66697	0.00359
2436.23893	0.00361
2434.81089	0.00365
2433.38285	0.00370
2431.95480	0.00376
2430.52676	0.00381
2429.09872	0.00385
2427.67068	0.00388
2426.24264	0.00392
2424.81460	0.00397
2423.38655	0.00398
2421.95851	0.00396
2420.53047	0.00392
2419.10243	0.00390
2417.67439	0.00389
2416.24635	0.00386
2414.81830	0.00384
2413.39026	0.00385
2411.96222	0.00387
2410.53418	0.00388
2409.10614	0.00384
2407.67810	0.00381
2406.25006	0.00380
2404.82201	0.00383
2403.39397	0.00385
2401.96593	0.00387
2400.53789	0.00392
2399.10985	0.00401
2397.68181	0.00409
2396.25376	0.00411
2394.82572	0.00408
2393.39768	0.00404
2391.96964	0.00404
2390.54160	0.00407
2389.11356	0.00409
2387.68551	0.00408
2386.25747	0.00405
2384.82943	0.00400
2383.40139	0.00392
2381.97335	0.00376
2380.54531	0.00353
2379.11727	0.00326
2377.68922	0.00299
2376.26118	0.00271
2374.83314	0.00233
2373.40510	0.00172
2371.97706	0.00085
2370.54902	-0.00012
2369.12097	-0.00104
2367.69293	-0.00195
2366.26489	-0.00296
2364.83685	-0.00409
2363.40881	-0.00519
2361.98077	-0.00605
2360.55273	-0.00645
2359.12468	-0.00610
2357.69664	-0.00494
2356.26860	-0.00330
2354.84056	-0.00163
2353.41252	-0.00019
2351.98448	0.00093
2350.55643	0.00169
2349.12839	0.00204
2347.70035	0.00199
2346.27231	0.00152
2344.84427	0.00074
2343.41623	-0.00000
2341.98818	-0.00040
2340.56014	-0.00043
2339.13210	-0.00023
2337.70406	0.00003
2336.27602	0.00021
2334.84798	0.00031
2333.41994	0.00041
2331.99189	0.00055
2330.56385	0.00078
2329.13581	0.00109
2327.70777	0.00140
2326.27973	0.00164
2324.85169	0.00176
2323.42364	0.00178
2321.99560	0.00180
2320.56756	0.00196
2319.13952	0.00225
2317.71148	0.00259
2316.28344	0.00284
2314.85539	0.00296
2313.42735	0.00299
2311.99931	0.00301
2310.57127	0.00304
2309.14323	0.00306
2307.71519	0.00310
2306.28715	0.00320
2304.85910	0.00332
2303.43106	0.00343
2302.00302	0.00350
2300.57498	0.00353
2299.14694	0.00353
2297.71890	0.00352
2296.29085	0.00356
2294.86281	0.00363
2293.43477	0.00368
2292.00673	0.00370
2290.57869	0.00369
2289.15065	0.00370
2287.72260	0.00372
2286.29456	0.00372
2284.86652	0.00367
2283.43848	0.00356
2282.01044	0.00343
2280.58240	0.00330
2279.15436	0.00318
2277.72631	0.00306
2276.29827	0.00295
2274.87023	0.00287
2273.44219	0.00282
2272.01415	0.00276
2270.58611	0.00270
2269.15806	0.00264
2267.73002	0.00257
2266.30198	0.00250
2264.87394	0.00247
2263.44590	0.00251
2262.01786	0.00262
2260.58981	0.00272
2259.16177	0.00276
2257.73373	0.00274
2256.30569	0.00268
2254.87765	0.00259
2253.44961	0.00248
2252.02157	0.00239
2250.59352	0.00232
2249.16548	0.00230
2247.73744	0.00238
2246.30940	0.00252
2244.88136	0.00263
2243.45332	0.00265
2242.02527	0.00253
2240.59723	0.00234
2239.16919	0.00220
2237.74115	0.00217
2236.31311	0.00219
2234.88507	0.00217
2233.45702	0.00208
2232.02898	0.00203
2230.60094	0.00207
2229.17290	0.00217
2227.74486	0.00221
2226.31682	0.00218
2224.88878	0.00210
2223.46073	0.00199
2222.03269	0.00187
2220.60465	0.00179
2219.17661	0.00178
2217.74857	0.00177
2216.32053	0.00171
2214.89248	0.00166
2213.46444	0.00169
2212.03640	0.00178
2210.60836	0.00181
2209.18032	0.00174
2207.75228	0.00163
2206.32423	0.00160
2204.89619	0.00163
2203.46815	0.00165
2202.04011	0.00161
2200.61207	0.00159
2199.18403	0.00164
2197.75599	0.00173
2196.32794	0.00177
2194.89990	0.00180
2193.47186	0.00186
2192.04382	0.00193
2190.61578	0.00194
2189.18774	0.00185
2187.75969	0.00170
2186.33165	0.00151
2184.90361	0.00130
2183.47557	0.00109
2182.04753	0.00094
2180.61949	0.00087
2179.19144	0.00083
2177.76340	0.00075
2176.33536	0.00068
2174.90732	0.00062
2173.47928	0.00056
2172.05124	0.00048
2170.62320	0.00040
2169.19515	0.00033
2167.76711	0.00029
2166.33907	0.00028
2164.91103	0.00018
2163.48299	-0.00010
2162.05495	-0.00058
2160.62690	-0.00115
2159.19886	-0.00160
2157.77082	-0.00171
2156.34278	-0.00149
2154.91474	-0.00111
2153.48670	-0.00072
2152.05865	-0.00034
2150.63061	0.00003
2149.20257	0.00038
2147.77453	0.00066
2146.34649	0.00082
2144.91845	0.00093
2143.49041	0.00103
2142.06236	0.00117
2140.63432	0.00135
2139.20628	0.00153
2137.77824	0.00165
2136.35020	0.00172
2134.92216	0.00179
2133.49411	0.00189
2132.06607	0.00203
2130.63803	0.00219
2129.20999	0.00236
2127.78195	0.00252
2126.35391	0.00267
2124.92586	0.00281
2123.49782	0.00292
2122.06978	0.00300
2120.64174	0.00307
2119.21370	0.00316
2117.78566	0.00329
2116.35762	0.00342
2114.92957	0.00344
2113.50153	0.00336
2112.07349	0.00324
2110.64545	0.00317
2109.21741	0.00317
2107.78937	0.00319
2106.36132	0.00321
2104.93328	0.00320
2103.50524	0.00316
2102.07720	0.00308
2100.64916	0.00299
2099.22112	0.00297
2097.79308	0.00303
2096.36503	0.00313
2094.93699	0.00320
2093.50895	0.00321
2092.08091	0.00317
2090.65287	0.00313
2089.22483	0.00313
2087.79678	0.00318
2086.36874	0.00324
2084.94070	0.00329
2083.51266	0.00331
2082.08462	0.00331
2080.65658	0.00330
2079.22853	0.00327
2077.80049	0.00319
2076.37245	0.00306
2074.94441	0.00290
2073.51637	0.00279
2072.08833	0.00273
2070.66029	0.00270
2069.23224	0.00264
2067.80420	0.00256
2066.37616	0.00252
2064.94812	0.00254
2063.52008	0.00257
2062.09204	0.00248
2060.66399	0.00228
2059.23595	0.00211
2057.80791	0.00202
2056.37987	0.00200
2054.95183	0.00203
2053.52379	0.00214
2052.09574	0.00219
2050.66770	0.00200
2049.23966	0.00156
2047.81162	0.00109
2046.38358	0.00081
2044.95554	0.00068
2043.52750	0.00054
2042.09945	0.00034
2040.67141	0.00014
2039.24337	0.00001
2037.81533	-0.00008
2036.38729	-0.00019
2034.95925	-0.00038
2033.53120	-0.00067
2032.10316	-0.00096
2030.67512	-0.00111
2029.24708	-0.00108
2027.81904	-0.00095
2026.39100	-0.00084
2024.96295	-0.00074
2023.53491	-0.00059
2022.10687	-0.00047
2020.67883	-0.00052
2019.25079	-0.00069
2017.82275	-0.00085
2016.39471	-0.00095
2014.96666	-0.00093
2013.53862	-0.00072
2012.11058	-0.00034
2010.68254	-0.00002
2009.25450	0.00011
2007.82646	0.00009
2006.39841	0.00012
2004.97037	0.00033
2003.54233	0.00069
2002.11429	0.00100
2000.68625	0.00113
1999.25821	0.00111
1997.83016	0.00107
1996.40212	0.00103
1994.97408	0.00086
1993.54604	0.00057
1992.11800	0.00040
1990.68996	0.00056
1989.26192	0.00092
1987.83387	0.00122
1986.40583	0.00133
1984.97779	0.00128
1983.54975	0.00119
1982.12171	0.00118
1980.69367	0.00118
1979.26562	0.00101
1977.83758	0.00063
1976.40954	0.00024
1974.98150	0.00013
1973.55346	0.00033
1972.12542	0.00063
1970.69737	0.00080
1969.26933	0.00076
1967.84129	0.00058
1966.41325	0.00045
1964.98521	0.00049
1963.55717	0.00067
1962.12913	0.00089
1960.70108	0.00110
1959.27304	0.00133
1957.84500	0.00156
1956.41696	0.00173
1954.98892	0.00182
1953.56088	0.00188
1952.13283	0.00196
1950.70479	0.00204
1949.27675	0.00207
1947.84871	0.00202
1946.42067	0.00190
1944.99263	0.00177
1943.56458	0.00169
1942.13654	0.00174
1940.70850	0.00192
1939.28046	0.00214
1937.85242	0.00231
1936.42438	0.00240
1934.99634	0.00241
1933.56829	0.00243
1932.14025	0.00250
1930.71221	0.00259
1929.28417	0.00266
1927.85613	0.00266
1926.42809	0.00263
1925.00004	0.00257
1923.57200	0.00256
1922.14396	0.00264
1920.71592	0.00274
1919.28788	0.00277
1917.85984	0.00275
1916.43179	0.00276
1915.00375	0.00285
1913.57571	0.00297
1912.14767	0.00306
1910.71963	0.00312
1909.29159	0.00316
1907.86355	0.00319
1906.43550	0.00323
1905.00746	0.00326
1903.57942	0.00328
1902.15138	0.00328
1900.72334	0.00328
1899.29530	0.00329
1897.86725	0.00331
1896.43921	0.00336
1895.01117	0.00342
1893.58313	0.00346
1892.15509	0.00343
1890.72705	0.00336
1889.29900	0.00332
1887.87096	0.00336
1886.44292	0.00346
1885.01488	0.00357
1883.58684	0.00367
1882.15880	0.00378
1880.73076	0.00385
1879.30271	0.00388
1877.87467	0.00389
1876.44663	0.00390
1875.01859	0.00389
1873.59055	0.00384
1872.16251	0.00374
1870.73446	0.00354
1869.30642	0.00338
1867.87838	0.00342
1866.45034	0.00363
1865.02230	0.00381
1863.59426	0.00391
1862.16622	0.00396
1860.73817	0.00401
1859.31013	0.00409
1857.88209	0.00416
1856.45405	0.00419
1855.02601	0.00421
1853.59797	0.00423
1852.16992	0.00424
1850.74188	0.00427
1849.31384	0.00430
1847.88580	0.00431
1846.45776	0.00429
1845.02972	0.00426
1843.60167	0.00431
1842.17363	0.00444
1840.74559	0.00458
1839.31755	0.00466
1837.88951	0.00474
1836.46147	0.00484
1835.03343	0.00493
1833.60538	0.00497
1832.17734	0.00495
1830.74930	0.00490
1829.32126	0.00491
1827.89322	0.00500
1826.46518	0.00507
1825.03713	0.00510
1823.60909	0.00520
1822.18105	0.00536
1820.75301	0.00548
1819.32497	0.00555
1817.89693	0.00559
1816.46888	0.00562
1815.04084	0.00569
1813.61280	0.00575
1812.18476	0.00580
1810.75672	0.00589
1809.32868	0.00603
1807.90064	0.00615
1806.47259	0.00626
1805.04455	0.00635
1803.61651	0.00639
1802.18847	0.00640
1800.76043	0.00642
1799.33239	0.00647
1797.90434	0.00658
1796.47630	0.00672
1795.04826	0.00681
1793.62022	0.00683
1792.19218	0.00687
1790.76414	0.00702
1789.33609	0.00721
1787.90805	0.00738
1786.48001	0.00751
1785.05197	0.00759
1783.62393	0.00766
1782.19589	0.00774
1780.76785	0.00782
1779.33980	0.00792
1777.91176	0.00799
1776.48372	0.00800
1775.05568	0.00798
1773.62764	0.00800
1772.19960	0.00812
1770.77155	0.00834
1769.34351	0.00859
1767.91547	0.00880
1766.48743	0.00898
1765.05939	0.00911
1763.63135	0.00917
1762.20330	0.00921
1760.77526	0.00934
1759.34722	0.00952
1757.91918	0.00968
1756.49114	0.00984
1755.06310	0.00999
1753.63506	0.01008
1752.20701	0.01016
1750.77897	0.01025
1749.35093	0.01040
1747.92289	0.01065
1746.49485	0.01092
1745.06681	0.01112
1743.63876	0.01129
1742.21072	0.01148
1740.78268	0.01170
1739.35464	0.01197
1737.92660	0.01223
1736.49856	0.01236
1735.07051	0.01245
1733.64247	0.01280
1732.21443	0.01341
1730.78639	0.01403
1729.35835	0.01466
1727.93031	0.01524
1726.50227	0.01577
1725.07422	0.01634
1723.64618	0.01698
1722.21814	0.01760
1720.79010	0.01818
1719.36206	0.01883
1717.93402	0.02000
1716.50597	0.02227
1715.07793	0.02492
1713.64989	0.02721
1712.22185	0.02948
1710.79381	0.03196
1709.36577	0.03466
1707.93772	0.03790
1706.50968	0.04226
1705.08164	0.04738
1703.65360	0.05194
1702.22556	0.05620
1700.79752	0.06197
1699.36948	0.06975
1697.94143	0.07766
1696.51339	0.08566
1695.08535	0.09340
1693.65731	0.09934
1692.22927	0.10412
1690.80123	0.10937
1689.37318	0.11550
1687.94514	0.12134
1686.51710	0.12669
1685.08906	0.13424
1683.66102	0.14536
1682.23298	0.15485
1680.80493	0.16162
1679.37689	0.16764
1677.94885	0.17382
1676.52081	0.18115
1675.09277	0.19012
1673.66473	0.19898
1672.23669	0.20670
1670.80864	0.21569
1669.38060	0.22768
1667.95256	0.23871
1666.52452	0.24658
1665.09648	0.25381
1663.66844	0.26313
1662.24039	0.27480
1660.81235	0.28577
1659.38431	0.29454
1657.95627	0.30200
1656.52823	0.30887
1655.10019	0.31664
1653.67214	0.32961
1652.24410	0.34464
1650.81606	0.35272
1649.38802	0.35789
1647.95998	0.36452
1646.53194	0.37313
1645.10390	0.37984
1643.67585	0.38404
1642.24781	0.38735
1640.81977	0.39028
1639.39173	0.39262
1637.96369	0.39359
1636.53565	0.39103
1635.10760	0.38479
1633.67956	0.37959
1632.25152	0.37586
1630.82348	0.37126
1629.39544	0.36387
1627.96740	0.35363
1626.53935	0.34248
1625.11131	0.33042
1623.68327	0.31527
1622.25523	0.29954
1620.82719	0.28813
1619.39915	0.27967
1617.97111	0.26891
1616.54306	0.25368
1615.11502	0.24024
1613.68698	0.23136
1612.25894	0.22364
1610.83090	0.21468
1609.40286	0.20415
1607.97481	0.19343
1606.54677	0.18410
1605.11873	0.17638
1603.69069	0.16970
1602.26265	0.16383
1600.83461	0.15900
1599.40657	0.15529
1597.97852	0.15229
1596.55048	0.14948
1595.12244	0.14660
1593.69440	0.14382
1592.26636	0.14136
1590.83832	0.13929
1589.41027	0.13767
1587.98223	0.13665
1586.55419	0.13631
1585.12615	0.13668
1583.69811	0.13774
1582.27007	0.13939
1580.84202	0.14142
1579.41398	0.14374
1577.98594	0.14679
1576.55790	0.15171
1575.12986	0.15762
1573.70182	0.16222
1572.27378	0.16617
1570.84573	0.17144
1569.41769	0.17892
1567.98965	0.18655
1566.56161	0.19310
1565.13357	0.19955
1563.70553	0.20591
1562.27748	0.21135
1560.84944	0.21688
1559.42140	0.22748
1557.99336	0.24323
1556.56532	0.25294
1555.13728	0.25982
1553.70923	0.26701
1552.28119	0.27436
1550.85315	0.28207
1549.42511	0.28997
1547.99707	0.29700
1546.56903	0.30298
1545.14099	0.30889
1543.71294	0.31548
1542.28490	0.32279
1540.85686	0.33175
1539.42882	0.34030
1538.00078	0.34544
1536.57274	0.34895
1535.14469	0.35245
1533.71665	0.35658
1532.28861	0.36059
1530.86057	0.36359
1529.43253	0.36599
1528.00449	0.36818
1526.57644	0.36998
1525.14840	0.37146
1523.72036	0.37319
1522.29232	0.37557
1520.86428	0.37877
1519.43624	0.38262
1518.00820	0.38688
1516.58015	0.39102
1515.15211	0.39368
1513.72407	0.39404
1512.29603	0.39261
1510.86799	0.39032
1509.43995	0.38656
1508.01190	0.37490
1506.58386	0.35256
1505.15582	0.33860
1503.72778	0.33209
1502.29974	0.32621
1500.87170	0.31866
1499.44365	0.30828
1498.01561	0.29400
1496.58757	0.27788
1495.15953	0.26532
1493.73149	0.25711
1492.30345	0.25007
1490.87541	0.24025
1489.44736	0.22580
1488.01932	0.21182
1486.59128	0.20244
1485.16324	0.19577
1483.73520	0.18987
1482.30716	0.18383
1480.87911	0.17785
1479.45107	0.17281
1478.02303	0.16889
1476.59499	0.16552
1475.16695	0.16228
1473.73891	0.15905
1472.31086	0.15642
1470.88282	0.15532
1469.45478	0.15531
1468.02674	0.15571
1466.59870	0.15644
1465.17066	0.15785
1463.74262	0.15992
1462.31457	0.16210
1460.88653	0.16419
1459.45849	0.16658
1458.03045	0.17033
1456.60241	0.17531
1455.17437	0.17858
1453.74632	0.18020
1452.31828	0.18110
1450.89024	0.18136
1449.46220	0.18063
1448.03416	0.17857
1446.60612	0.17549
1445.17807	0.17203
1443.75003	0.16834
1442.32199	0.16437
1440.89395	0.16048
1439.46591	0.15679
1438.03787	0.15266
1436.60983	0.14771
1435.18178	0.14361
1433.75374	0.14136
1432.32570	0.14008
1430.89766	0.13911
1429.46962	0.13865
1428.04158	0.13893
1426.61353	0.13992
1425.18549	0.14162
1423.75745	0.14394
1422.32941	0.14647
1420.90137	0.14919
1419.47333	0.15271
1418.04528	0.15698
1416.61724	0.16061
1415.18920	0.16328
1413.76116	0.16539
1412.33312	0.16703
1410.90508	0.16805
1409.47704	0.16832
1408.04899	0.16784
1406.62095	0.16652
1405.19291	0.16431
1403.76487	0.16180
1402.33683	0.15966
1400.90879	0.15784
1399.48074	0.15609
1398.05270	0.15470
1396.62466	0.15412
1395.19662	0.15441
1393.76858	0.15534
1392.34054	0.15658
1390.91249	0.15792
1389.48445	0.15935
1388.05641	0.16091
1386.62837	0.16247
1385.20033	0.16382
1383.77229	0.16492
1382.34425	0.16577
1380.91620	0.16628
1379.48816	0.16640
1378.06012	0.16611
1376.63208	0.16531
1375.20404	0.16375
1373.77600	0.16142
1372.34795	0.15884
1370.91991	0.15612
1369.49187	0.15287
1368.06383	0.14912
1366.63579	0.14547
1365.20775	0.14205
1363.77971	0.13834
1362.35166	0.13432
1360.92362	0.13095
1359.49558	0.12869
1358.06754	0.12713
1356.63950	0.12592
1355.21146	0.12506
1353.78341	0.12471
1352.35537	0.12493
1350.92733	0.12571
1349.49929	0.12708
1348.07125	0.12900
1346.64321	0.13135
1345.21516	0.13399
1343.78712	0.13675
1342.35908	0.13954
1340.93104	0.14253
1339.50300	0.14575
1338.07496	0.14867
1336.64692	0.15081
1335.21887	0.15218
1333.79083	0.15285
1332.36279	0.15283
1330.93475	0.15210
1329.50671	0.15069
1328.07867	0.14870
1326.65062	0.14630
1325.22258	0.14369
1323.79454	0.14107
1322.36650	0.13866
1320.93846	0.13656
1319.51042	0.13484
1318.08237	0.13363
1316.65433	0.13299
1315.22629	0.13282
1313.79825	0.13300
1312.37021	0.13347
1310.94217	0.13415
1309.51413	0.13496
1308.08608	0.13587
1306.65804	0.13684
1305.23000	0.13787
1303.80196	0.13894
1302.37392	0.14004
1300.94588	0.14118
1299.51783	0.14235
1298.08979	0.14357
1296.66175	0.14480
1295.23371	0.14605
1293.80567	0.14726
1292.37763	0.14842
1290.94958	0.14951
1289.52154	0.15054
1288.09350	0.15154
1286.66546	0.15258
1285.23742	0.15370
1283.80938	0.15495
1282.38134	0.15639
1280.95329	0.15805
1279.52525	0.15995
1278.09721	0.16210
1276.66917	0.16450
1275.24113	0.16709
1273.81309	0.16985
1272.38504	0.17274
1270.95700	0.17571
1269.52896	0.17865
1268.10092	0.18150
1266.67288	0.18425
1265.24484	0.18697
1263.81679	0.18968
1262.38875	0.19243
1260.96071	0.19528
1259.53267	0.19825
1258.10463	0.20132
1256.67659	0.20452
1255.24855	0.20790
1253.82050	0.21150
1252.39246	0.21526
1250.96442	0.21913
1249.53638	0.22305
1248.10834	0.22699
1246.68030	0.23090
1245.25225	0.23474
1243.82421	0.23844
1242.39617	0.24193
1240.96813	0.24513
1239.54009	0.24797
1238.11205	0.25032
1236.68400	0.25210
1235.25596	0.25321
1233.82792	0.25361
1232.39988	0.25323
1230.97184	0.25201
1229.54380	0.24993
1228.11576	0.24701
1226.68771	0.24326
1225.25967	0.23871
1223.83163	0.23345
1222.40359	0.22760
1220.97555	0.22127
1219.54751	0.21456
1218.11946	0.20758
1216.69142	0.20053
1215.26338	0.19358
1213.83534	0.18682
1212.40730	0.18033
1210.97926	0.17418
1209.55121	0.16843
1208.12317	0.16303
1206.69513	0.15790
1205.26709	0.15300
1203.83905	0.14831
1202.41101	0.14387
1200.98297	0.13973
1199.55492	0.13595
1198.12688	0.13253
1196.69884	0.12955
1195.27080	0.12704
1193.84276	0.12499
1192.41472	0.12335
1190.98667	0.12208
1189.55863	0.12113
1188.13059	0.12050
1186.70255	0.12022
1185.27451	0.12031
1183.84647	0.12082
1182.41842	0.12179
1180.99038	0.12329
1179.56234	0.12534
1178.13430	0.12784
1176.70626	0.13058
1175.27822	0.13330
1173.85018	0.13570
1172.42213	0.13755
1170.99409	0.13879
1169.56605	0.13949
1168.13801	0.13980
1166.70997	0.13981
1165.28193	0.13957
1163.85388	0.13910
1162.42584	0.13840
1160.99780	0.13745
1159.56976	0.13622
1158.14172	0.13477
1156.71368	0.13316
1155.28563	0.13143
1153.85759	0.12959
1152.42955	0.12762
1151.00151	0.12555
1149.57347	0.12342
1148.14543	0.12131
1146.71739	0.11928
1145.28934	0.11738
1143.86130	0.11562
1142.43326	0.11401
1141.00522	0.11256
1139.57718	0.11127
1138.14914	0.11016
1136.72109	0.10922
1135.29305	0.10843
1133.86501	0.10777
1132.43697	0.10722
1131.00893	0.10680
1129.58089	0.10650
1128.15284	0.10628
1126.72480	0.10613
1125.29676	0.10604
1123.86872	0.10599
1122.44068	0.10596
1121.01264	0.10598
1119.58460	0.10601
1118.15655	0.10601
1116.72851	0.10593
1115.30047	0.10579
1113.87243	0.10562
1112.44439	0.10551
1111.01635	0.10553
1109.58830	0.10572
1108.16026	0.10604
1106.73222	0.10634
1105.30418	0.10645
1103.87614	0.10623
1102.44810	0.10560
1101.02006	0.10461
1099.59201	0.10337
1098.16397	0.10207
1096.73593	0.10094
1095.30789	0.10015
1093.87985	0.09985
1092.45181	0.10008
1091.02376	0.10085
1089.59572	0.10213
1088.16768	0.10387
1086.73964	0.10600
1085.31160	0.10842
1083.88356	0.11101
1082.45551	0.11368
1081.02747	0.11635
1079.59943	0.11894
1078.17139	0.12138
1076.74335	0.12357
1075.31531	0.12549
1073.88727	0.12710
1072.45922	0.12835
1071.03118	0.12923
1069.60314	0.12980
1068.17510	0.13016
1066.74706	0.13041
1065.31902	0.13069
1063.89097	0.13110
1062.46293	0.13171
1061.03489	0.13251
1059.60685	0.13340
1058.17881	0.13424
1056.75077	0.13484
1055.32272	0.13503
1053.89468	0.13467
1052.46664	0.13373
1051.03860	0.13223
1049.61056	0.13028
1048.18252	0.12801
1046.75448	0.12556
1045.32643	0.12307
1043.89839	0.12069
1042.47035	0.11851
1041.04231	0.11659
1039.61427	0.11492
1038.18623	0.11350
1036.75818	0.11234
1035.33014	0.11150
1033.90210	0.11094
1032.47406	0.11060
1031.04602	0.11038
1029.61798	0.11020
1028.18993	0.11001
1026.76189	0.10987
1025.33385	0.10997
1023.90581	0.11059
1022.47777	0.11205
1021.04973	0.11449
1019.62169	0.11776
1018.19364	0.12135
1016.76560	0.12461
1015.33756	0.12689
1013.90952	0.12776
1012.48148	0.12705
1011.05344	0.12488
1009.62539	0.12154
1008.19735	0.11743
1006.76931	0.11296
1005.34127	0.10841
1003.91323	0.10400
1002.48519	0.09986
1001.05714	0.09608
999.62910	0.09268
998.20106	0.08964
996.77302	0.08689
995.34498	0.08437
993.91694	0.08204
992.48890	0.07988
991.06085	0.07789
989.63281	0.07610
988.20477	0.07457
986.77673	0.07331
985.34869	0.07231
983.92065	0.07155
982.49260	0.07099
981.06456	0.07062
979.63652	0.07042
978.20848	0.07033
976.78044	0.07033
975.35240	0.07040
973.92435	0.07055
972.49631	0.07077
971.06827	0.07108
969.64023	0.07149
968.21219	0.07202
966.78415	0.07265
965.35611	0.07336
963.92806	0.07415
962.50002	0.07498
961.07198	0.07583
959.64394	0.07667
958.21590	0.07749
956.78786	0.07828
955.35981	0.07905
953.93177	0.07983
952.50373	0.08059
951.07569	0.08130
949.64765	0.08190
948.21961	0.08237
946.79156	0.08265
945.36352	0.08272
943.93548	0.08253
942.50744	0.08210
941.07940	0.08150
939.65136	0.08079
938.22332	0.07998
936.79527	0.07911
935.36723	0.07821
933.93919	0.07734
932.51115	0.07651
931.08311	0.07572
929.65507	0.07498
928.22702	0.07430
926.79898	0.07369
925.37094	0.07310
923.94290	0.07246
922.51486	0.07171
921.08682	0.07086
919.65877	0.07003
918.23073	0.06927
916.80269	0.06858
915.37465	0.06787
913.94661	0.06712
912.51857	0.06638
911.09053	0.06569
909.66248	0.06509
908.23444	0.06457
906.80640	0.06413
905.37836	0.06375
903.95032	0.06343
902.52228	0.06314
901.09423	0.06287
899.66619	0.06262
898.23815	0.06240
896.81011	0.06222
895.38207	0.06206
893.95403	0.06191
892.52598	0.06177
891.09794	0.06168
889.66990	0.06166
888.24186	0.06171
886.81382	0.06186
885.38578	0.06209
883.95774	0.06233
882.52969	0.06257
881.10165	0.06278
879.67361	0.06301
878.24557	0.06327
876.81753	0.06358
875.38949	0.06397
873.96144	0.06445
872.53340	0.06504
871.10536	0.06573
869.67732	0.06656
868.24928	0.06754
866.82124	0.06870
865.39320	0.07004
863.96515	0.07153
862.53711	0.07311
861.10907	0.07475
859.68103	0.07642
858.25299	0.07805
856.82495	0.07960
855.39690	0.08105
853.96886	0.08235
852.54082	0.08342
851.11278	0.08420
849.68474	0.08469
848.25670	0.08496
846.82865	0.08511
845.40061	0.08531
843.97257	0.08570
842.54453	0.08641
841.11649	0.08745
839.68845	0.08875
838.26041	0.09015
836.83236	0.09153
835.40432	0.09281
833.97628	0.09398
832.54824	0.09499
831.12020	0.09583
829.69216	0.09646
828.26411	0.09687
826.83607	0.09707
825.40803	0.09707
823.97999	0.09694
822.55195	0.09680
821.12391	0.09680
819.69586	0.09700
818.26782	0.09741
816.83978	0.09802
815.41174	0.09879
813.98370	0.09969
812.55566	0.10066
811.12762	0.10165
809.69957	0.10267
808.27153	0.10372
806.84349	0.10476
805.41545	0.10574
803.98741	0.10657
802.55937	0.10727
801.13132	0.10786
799.70328	0.10841
798.27524	0.10897
796.84720	0.10955
795.41916	0.11017
793.99112	0.11088
792.56307	0.11172
791.13503	0.11268
789.70699	0.11373
788.27895	0.11483
786.85091	0.11596
785.42287	0.11710
783.99483	0.11823
782.56678	0.11933
781.13874	0.12044
779.71070	0.12162
778.28266	0.12287
776.85462	0.12418
775.42658	0.12551
773.99853	0.12681
772.57049	0.12810
771.14245	0.12940
769.71441	0.13072
768.28637	0.13205
766.85833	0.13340
765.43028	0.13476
764.00224	0.13616
762.57420	0.13765
761.14616	0.13925
759.71812	0.14091
758.29008	0.14260
756.86204	0.14435
755.43399	0.14617
754.00595	0.14807
752.57791	0.15001
751.14987	0.15193
749.72183	0.15382
748.29379	0.15569
746.86574	0.15752
745.43770	0.15933
744.00966	0.16117
742.58162	0.16303
741.15358	0.16486
739.72554	0.16666
738.29749	0.16841
736.86945	0.17015
735.44141	0.17191
734.01337	0.17369
732.58533	0.17545
731.15729	0.17717
729.72925	0.17886
728.30120	0.18058
726.87316	0.18232
725.44512	0.18406
724.01708	0.18576
722.58904	0.18745
721.16100	0.18918
719.73295	0.19097
718.30491	0.19277
716.87687	0.19455
715.44883	0.19634
714.02079	0.19814
712.59275	0.20000
711.16470	0.20196
709.73666	0.20404
708.30862	0.20623
706.88058	0.20847
705.45254	0.21068
704.02450	0.21283
702.59646	0.21490
701.16841	0.21690
699.74037	0.21884
698.31233	0.22070
696.88429	0.22248
695.45625	0.22422
694.02821	0.22592
692.60016	0.22762
691.17212	0.22942
689.74408	0.23133
688.31604	0.23327
686.88800	0.23516
685.45996	0.23701
684.03191	0.23883
682.60387	0.24065
681.17583	0.24244
679.74779	0.24424
678.31975	0.24602
676.89171	0.24777
675.46367	0.24950
674.03562	0.25118
672.60758	0.25266
671.17954	0.25390
669.75150	0.25523
668.32346	0.25712
666.89542	0.25906
665.46737	0.26043
664.03933	0.26157
662.61129	0.26277
661.18325	0.26406
659.75521	0.26533
658.32717	0.26651
656.89912	0.26756
655.47108	0.26844
654.04304	0.26920
652.61500	0.26992
651.18696	0.27069
649.75892	0.27150
648.33088	0.27230
646.90283	0.27304
645.47479	0.27371
644.04675	0.27435
642.61871	0.27497
641.19067	0.27553
639.76263	0.27602
638.33458	0.27645
636.90654	0.27688
635.47850	0.27740
634.05046	0.27798
632.62242	0.27856
631.19438	0.27906
629.76633	0.27946
628.33829	0.27981
626.91025	0.28022
625.48221	0.28071
624.05417	0.28127
622.62613	0.28180
621.19809	0.28227
619.77004	0.28267
618.34200	0.28305
616.91396	0.28350
615.48592	0.28402
614.05788	0.28462
612.62984	0.28526
611.20179	0.28593
609.77375	0.28660
608.34571	0.28730
606.91767	0.28806
605.48963	0.28887
604.06159	0.28968
602.63355	0.29053
601.20550	0.29147
599.77746	0.29246
598.34942	0.29349
596.92138	0.29458
595.49334	0.29571
594.06530	0.29683
592.63725	0.29792
591.20921	0.29905
589.78117	0.30028
588.35313	0.30164
586.92509	0.30315
585.49705	0.30481
584.06900	0.30654
582.64096	0.30833
581.21292	0.31025
579.78488	0.31227
578.35684	0.31426
576.92880	0.31619
575.50076	0.31817
574.07271	0.32028
572.64467	0.32246
571.21663	0.32474
569.78859	0.32718
568.36055	0.32974
566.93251	0.33232
565.50446	0.33486
564.07642	0.33731
562.64838	0.33968
561.22034	0.34210
559.79230	0.34469
558.36426	0.34743
556.93621	0.35020
555.50817	0.35290
554.08013	0.35551
552.65209	0.35801
551.22405	0.36042
549.79601	0.36276
548.36797	0.36497
546.93992	0.36698
545.51188	0.36870
544.08384	0.37006
542.65580	0.37107
541.22776	0.37185
539.79972	0.37256
538.37167	0.37329
536.94363	0.37401
535.51559	0.37459
534.08755	0.37496
532.65951	0.37516
531.23147	0.37533
529.80342	0.37554
528.37538	0.37575
526.94734	0.37586
525.51930	0.37587
524.09126	0.37596
522.66322	0.37627
521.23518	0.37683
519.80713	0.37753
518.37909	0.37823
516.95105	0.37889
515.52301	0.37958
514.09497	0.38039
512.66693	0.38129
511.23888	0.38219
509.81084	0.38291
508.38280	0.38329
506.95476	0.38325
505.52672	0.38286
504.09868	0.38231
502.67063	0.38191
501.24259	0.38180
499.81455	0.38179
498.38651	0.38153
496.95847	0.38108
495.53043	0.38076
494.10239	0.38079
492.67434	0.38105
491.24630	0.38131
489.81826	0.38145
488.39022	0.38135
486.96218	0.38091
485.53414	0.38014
484.10609	0.37912
482.67805	0.37794
481.25001	0.37668
479.82197	0.37543
478.39393	0.37422
476.96589	0.37301
475.53784	0.37180
474.10980	0.37071
472.68176	0.36997
471.25372	0.36958
469.82568	0.36911
468.39764	0.36814
466.96960	0.36673
465.54155	0.36526
464.11351	0.36400
462.68547	0.36293
461.25743	0.36191
459.82939	0.36073
458.40135	0.35924
456.97330	0.35768
455.54526	0.35657
454.11722	0.35580
452.68918	0.35495
451.26114	0.35396
449.83310	0.35311
448.40505	0.35248
446.97701	0.35187
445.54897	0.35113
444.12093	0.35014
442.69289	0.34893
441.26485	0.34785
439.83681	0.34724
438.40876	0.34690
436.98072	0.34636
435.55268	0.34551
434.12464	0.34462
432.69660	0.34406
431.26856	0.34399
429.84051	0.34422
428.41247	0.34430
426.98443	0.34393
425.55639	0.34320
424.12835	0.34244
422.70031	0.34199
421.27226	0.34208
419.84422	0.34272
418.41618	0.34333
416.98814	0.34328
415.56010	0.34289
414.13206	0.34242
412.70402	0.34188
411.27597	0.34133
409.84793	0.34088
408.41989	0.34052
406.99185	0.34015
405.56381	0.33973
404.13577	0.33931
402.70772	0.33890
401.27968	0.33826
399.85164	0.33710
