3998.51641	0.00299
3997.08837	0.00293
3995.66033	0.00292
3994.23229	0.00294
3992.80425	0.00298
3991.37620	0.00301
3989.94816	0.00300
3988.52012	0.00296
3987.09208	0.00290
3985.66404	0.00285
3984.23600	0.00281
3982.80796	0.00278
3981.37991	0.00279
3979.95187	0.00283
3978.52383	0.00289
3977.09579	0.00294
3975.66775	0.00294
3974.23971	0.00291
3972.81166	0.00287
3971.38362	0.00286
3969.95558	0.00287
3968.52754	0.00289
3967.09950	0.00290
3965.67146	0.00291
3964.24341	0.00292
3962.81537	0.00292
3961.38733	0.00292
3959.95929	0.00293
3958.53125	0.00294
3957.10321	0.00294
3955.67517	0.00293
3954.24712	0.00294
3952.81908	0.00293
3951.39104	0.00291
3949.96300	0.00285
3948.53496	0.00279
3947.10692	0.00275
3945.67887	0.00275
3944.25083	0.00277
3942.82279	0.00278
3941.39475	0.00279
3939.96671	0.00281
3938.53867	0.00283
3937.11062	0.00283
3935.68258	0.00284
3934.25454	0.00283
3932.82650	0.00282
3931.39846	0.00283
3929.97042	0.00284
3928.54238	0.00286
3927.11433	0.00284
3925.68629	0.00279
3924.25825	0.00274
3922.83021	0.00272
3921.40217	0.00277
3919.97413	0.00286
3918.54608	0.00290
3917.11804	0.00288
3915.69000	0.00282
3914.26196	0.00280
3912.83392	0.00281
3911.40588	0.00280
3909.97783	0.00278
3908.54979	0.00277
3907.12175	0.00275
3905.69371	0.00272
3904.26567	0.00266
3902.83763	0.00265
3901.40959	0.00267
3899.98154	0.00267
3898.55350	0.00267
3897.12546	0.00269
3895.69742	0.00272
3894.26938	0.00273
3892.84134	0.00271
3891.41329	0.00265
3889.98525	0.00259
3888.55721	0.00255
3887.12917	0.00253
3885.70113	0.00253
3884.27309	0.00257
3882.84504	0.00262
3881.41700	0.00266
3879.98896	0.00267
3878.56092	0.00264
3877.13288	0.00261
3875.70484	0.00259
3874.27680	0.00256
3872.84875	0.00252
3871.42071	0.00244
3869.99267	0.00239
3868.56463	0.00243
3867.13659	0.00255
3865.70855	0.00264
3864.28050	0.00262
3862.85246	0.00254
3861.42442	0.00249
3859.99638	0.00248
3858.56834	0.00247
3857.14030	0.00240
3855.71226	0.00223
3854.28421	0.00201
3852.85617	0.00201
3851.42813	0.00221
3850.00009	0.00236
3848.57205	0.00244
3847.14401	0.00251
3845.71596	0.00258
3844.28792	0.00264
3842.85988	0.00265
3841.43184	0.00258
3840.00380	0.00245
3838.57576	0.00231
3837.14771	0.00225
3835.71967	0.00229
3834.29163	0.00237
3832.86359	0.00242
3831.43555	0.00240
3830.00751	0.00237
3828.57947	0.00235
3827.15142	0.00237
3825.72338	0.00241
3824.29534	0.00242
3822.86730	0.00239
3821.43926	0.00234
3820.01122	0.00230
3818.58317	0.00227
3817.15513	0.00224
3815.72709	0.00229
3814.29905	0.00238
3812.87101	0.00246
3811.44297	0.00249
3810.01492	0.00249
3808.58688	0.00248
3807.15884	0.00246
3805.73080	0.00244
3804.30276	0.00243
3802.87472	0.00238
3801.44668	0.00233
3800.01863	0.00235
3798.59059	0.00240
3797.16255	0.00240
3795.73451	0.00235
3794.30647	0.00230
3792.87843	0.00229
3791.45038	0.00229
3790.02234	0.00231
3788.59430	0.00234
3787.16626	0.00236
3785.73822	0.00237
3784.31018	0.00239
3782.88213	0.00241
3781.45409	0.00242
3780.02605	0.00242
3778.59801	0.00241
3777.16997	0.00240
3775.74193	0.00239
3774.31389	0.00238
3772.88584	0.00239
3771.45780	0.00241
3770.02976	0.00242
3768.60172	0.00237
3767.17368	0.00229
3765.74564	0.00224
3764.31759	0.00225
3762.88955	0.00232
3761.46151	0.00240
3760.03347	0.00247
3758.60543	0.00247
3757.17739	0.00242
3755.74934	0.00234
3754.32130	0.00228
3752.89326	0.00228
3751.46522	0.00231
3750.03718	0.00230
3748.60914	0.00225
3747.18110	0.00220
3745.75305	0.00218
3744.32501	0.00222
3742.89697	0.00233
3741.46893	0.00250
3740.04089	0.00265
3738.61285	0.00274
3737.18480	0.00269
3735.75676	0.00249
3734.32872	0.00237
3732.90068	0.00251
3731.47264	0.00276
3730.04460	0.00294
3728.61655	0.00302
3727.18851	0.00302
3725.76047	0.00295
3724.33243	0.00283
3722.90439	0.00269
3721.47635	0.00260
3720.04831	0.00261
3718.62026	0.00266
3717.19222	0.00270
3715.76418	0.00271
3714.33614	0.00270
3712.90810	0.00274
3711.48006	0.00285
3710.05201	0.00297
3708.62397	0.00304
3707.19593	0.00307
3705.76789	0.00307
3704.33985	0.00305
3702.91181	0.00304
3701.48376	0.00310
3700.05572	0.00322
3698.62768	0.00332
3697.19964	0.00336
3695.77160	0.00332
3694.34356	0.00322
3692.91552	0.00315
3691.48747	0.00313
3690.05943	0.00318
3688.63139	0.00323
3687.20335	0.00327
3685.77531	0.00333
3684.34727	0.00339
3682.91922	0.00343
3681.49118	0.00347
3680.06314	0.00351
3678.63510	0.00355
3677.20706	0.00354
3675.77902	0.00352
3674.35097	0.00359
3672.92293	0.00369
3671.49489	0.00379
3670.06685	0.00399
3668.63881	0.00427
3667.21077	0.00450
3665.78273	0.00466
3664.35468	0.00480
3662.92664	0.00494
3661.49860	0.00509
3660.07056	0.00526
3658.64252	0.00543
3657.21448	0.00562
3655.78643	0.00583
3654.35839	0.00600
3652.93035	0.00609
3651.50231	0.00616
3650.07427	0.00627
3648.64623	0.00653
3647.21818	0.00685
3645.79014	0.00713
3644.36210	0.00737
3642.93406	0.00759
3641.50602	0.00781
3640.07798	0.00804
3638.64994	0.00830
3637.22189	0.00856
3635.79385	0.00880
3634.36581	0.00903
3632.93777	0.00923
3631.50973	0.00939
3630.08169	0.00955
3628.65364	0.00985
3627.22560	0.01024
3625.79756	0.01057
3624.36952	0.01082
3622.94148	0.01102
3621.51344	0.01115
3620.08539	0.01124
3618.65735	0.01137
3617.22931	0.01160
3615.80127	0.01188
3614.37323	0.01214
3612.94519	0.01237
3611.51715	0.01260
3610.08910	0.01287
3608.66106	0.01321
3607.23302	0.01359
3605.80498	0.01394
3604.37694	0.01423
3602.94890	0.01450
3601.52085	0.01476
3600.09281	0.01503
3598.66477	0.01530
3597.23673	0.01559
3595.80869	0.01590
3594.38065	0.01621
3592.95261	0.01648
3591.52456	0.01668
3590.09652	0.01686
3588.66848	0.01708
3587.24044	0.01742
3585.81240	0.01782
3584.38436	0.01819
3582.95631	0.01854
3581.52827	0.01890
3580.10023	0.01924
3578.67219	0.01954
3577.24415	0.01983
3575.81611	0.02015
3574.38806	0.02050
3572.96002	0.02085
3571.53198	0.02118
3570.10394	0.02147
3568.67590	0.02171
3567.24786	0.02197
3565.81982	0.02232
3564.39177	0.02273
3562.96373	0.02313
3561.53569	0.02349
3560.10765	0.02382
3558.67961	0.02416
3557.25157	0.02451
3555.82352	0.02487
3554.39548	0.02521
3552.96744	0.02552
3551.53940	0.02583
3550.11136	0.02614
3548.68332	0.02645
3547.25527	0.02675
3545.82723	0.02707
3544.39919	0.02744
3542.97115	0.02784
3541.54311	0.02822
3540.11507	0.02857
3538.68703	0.02890
3537.25898	0.02921
3535.83094	0.02952
3534.40290	0.02985
3532.97486	0.03021
3531.54682	0.03059
3530.11878	0.03093
3528.69073	0.03121
3527.26269	0.03145
3525.83465	0.03170
3524.40661	0.03198
3522.97857	0.03228
3521.55053	0.03261
3520.12248	0.03294
3518.69444	0.03321
3517.26640	0.03345
3515.83836	0.03369
3514.41032	0.03396
3512.98228	0.03426
3511.55424	0.03454
3510.12619	0.03478
3508.69815	0.03500
3507.27011	0.03524
3505.84207	0.03550
3504.41403	0.03576
3502.98599	0.03598
3501.55794	0.03616
3500.12990	0.03633
3498.70186	0.03650
3497.27382	0.03668
3495.84578	0.03688
3494.41774	0.03710
3492.98969	0.03732
3491.56165	0.03753
3490.13361	0.03771
3488.70557	0.03787
3487.27753	0.03805
3485.84949	0.03831
3484.42145	0.03860
3482.99340	0.03888
3481.56536	0.03906
3480.13732	0.03918
3478.70928	0.03932
3477.28124	0.03949
3475.85320	0.03966
3474.42515	0.03983
3472.99711	0.04001
3471.56907	0.04018
3470.14103	0.04030
3468.71299	0.04039
3467.28495	0.04051
3465.85690	0.04072
3464.42886	0.04099
3463.00082	0.04124
3461.57278	0.04142
3460.14474	0.04159
3458.71670	0.04178
3457.28866	0.04199
3455.86061	0.04219
3454.43257	0.04238
3453.00453	0.04257
3451.57649	0.04273
3450.14845	0.04285
3448.72041	0.04296
3447.29236	0.04309
3445.86432	0.04327
3444.43628	0.04349
3443.00824	0.04370
3441.58020	0.04388
3440.15216	0.04404
3438.72411	0.04422
3437.29607	0.04445
3435.86803	0.04470
3434.43999	0.04495
3433.01195	0.04519
3431.58391	0.04545
3430.15587	0.04572
3428.72782	0.04600
3427.29978	0.04630
3425.87174	0.04664
3424.44370	0.04699
3423.01566	0.04732
3421.58762	0.04759
3420.15957	0.04783
3418.73153	0.04811
3417.30349	0.04843
3415.87545	0.04877
3414.44741	0.04910
3413.01937	0.04941
3411.59132	0.04972
3410.16328	0.05006
3408.73524	0.05040
3407.30720	0.05073
3405.87916	0.05105
3404.45112	0.05137
3403.02308	0.05169
3401.59503	0.05200
3400.16699	0.05232
3398.73895	0.05266
3397.31091	0.05303
3395.88287	0.05343
3394.45483	0.05384
3393.02678	0.05422
3391.59874	0.05456
3390.17070	0.05490
3388.74266	0.05524
3387.31462	0.05560
3385.88658	0.05595
3384.45853	0.05631
3383.03049	0.05668
3381.60245	0.05707
3380.17441	0.05747
3378.74637	0.05789
3377.31833	0.05833
3375.89029	0.05878
3374.46224	0.05927
3373.03420	0.05976
3371.60616	0.06025
3370.17812	0.06074
3368.75008	0.06123
3367.32204	0.06169
3365.89399	0.06210
3364.46595	0.06248
3363.03791	0.06292
3361.60987	0.06341
3360.18183	0.06392
3358.75379	0.06442
3357.32575	0.06493
3355.89770	0.06550
3354.46966	0.06615
3353.04162	0.06685
3351.61358	0.06757
3350.18554	0.06824
3348.75750	0.06882
3347.32945	0.06936
3345.90141	0.06997
3344.47337	0.07068
3343.04533	0.07142
3341.61729	0.07216
3340.18925	0.07289
3338.76120	0.07361
3337.33316	0.07426
3335.90512	0.07486
3334.47708	0.07544
3333.04904	0.07606
3331.62100	0.07675
3330.19296	0.07753
3328.76491	0.07839
3327.33687	0.07929
3325.90883	0.08014
3324.48079	0.08085
3323.05275	0.08146
3321.62471	0.08206
3320.19666	0.08272
3318.76862	0.08345
3317.34058	0.08423
3315.91254	0.08505
3314.48450	0.08593
3313.05646	0.08685
3311.62841	0.08779
3310.20037	0.08872
3308.77233	0.08963
3307.34429	0.09049
3305.91625	0.09129
3304.48821	0.09199
3303.06017	0.09261
3301.63212	0.09320
3300.20408	0.09388
3298.77604	0.09469
3297.34800	0.09557
3295.91996	0.09641
3294.49192	0.09716
3293.06387	0.09779
3291.63583	0.09828
3290.20779	0.09864
3288.77975	0.09890
3287.35171	0.09918
3285.92367	0.09951
3284.49562	0.09986
3283.06758	0.10019
3281.63954	0.10050
3280.21150	0.10076
3278.78346	0.10098
3277.35542	0.10119
3275.92738	0.10132
3274.49933	0.10134
3273.07129	0.10120
3271.64325	0.10089
3270.21521	0.10039
3268.78717	0.09974
3267.35913	0.09899
3265.93108	0.09823
3264.50304	0.09748
3263.07500	0.09674
3261.64696	0.09600
3260.21892	0.09530
3258.79088	0.09463
3257.36283	0.09397
3255.93479	0.09325
3254.50675	0.09244
3253.07871	0.09159
3251.65067	0.09081
3250.22263	0.09014
3248.79459	0.08956
3247.36654	0.08895
3245.93850	0.08821
3244.51046	0.08734
3243.08242	0.08646
3241.65438	0.08567
3240.22634	0.08497
3238.79829	0.08437
3237.37025	0.08386
3235.94221	0.08344
3234.51417	0.08300
3233.08613	0.08245
3231.65809	0.08176
3230.23004	0.08099
3228.80200	0.08023
3227.37396	0.07954
3225.94592	0.07890
3224.51788	0.07830
3223.08984	0.07772
3221.66180	0.07716
3220.23375	0.07660
3218.80571	0.07602
3217.37767	0.07544
3215.94963	0.07486
3214.52159	0.07426
3213.09355	0.07362
3211.66550	0.07296
3210.23746	0.07230
3208.80942	0.07168
3207.38138	0.07107
3205.95334	0.07046
3204.52530	0.06981
3203.09725	0.06915
3201.66921	0.06849
3200.24117	0.06781
3198.81313	0.06711
3197.38509	0.06639
3195.95705	0.06569
3194.52901	0.06502
3193.10096	0.06438
3191.67292	0.06375
3190.24488	0.06311
3188.81684	0.06243
3187.38880	0.06170
3185.96076	0.06095
3184.53271	0.06023
3183.10467	0.05955
3181.67663	0.05889
3180.24859	0.05823
3178.82055	0.05754
3177.39251	0.05683
3175.96446	0.05615
3174.53642	0.05551
3173.10838	0.05491
3171.68034	0.05432
3170.25230	0.05371
3168.82426	0.05310
3167.39622	0.05250
3165.96817	0.05192
3164.54013	0.05133
3163.11209	0.05075
3161.68405	0.05018
3160.25601	0.04962
3158.82797	0.04911
3157.39992	0.04865
3155.97188	0.04825
3154.54384	0.04787
3153.11580	0.04746
3151.68776	0.04700
3150.25972	0.04648
3148.83167	0.04595
3147.40363	0.04543
3145.97559	0.04495
3144.54755	0.04452
3143.11951	0.04418
3141.69147	0.04393
3140.26343	0.04372
3138.83538	0.04345
3137.40734	0.04308
3135.97930	0.04269
3134.55126	0.04234
3133.12322	0.04213
3131.69518	0.04202
3130.26713	0.04193
3128.83909	0.04176
3127.41105	0.04153
3125.98301	0.04135
3124.55497	0.04131
3123.12693	0.04139
3121.69888	0.04152
3120.27084	0.04163
3118.84280	0.04172
3117.41476	0.04179
3115.98672	0.04183
3114.55868	0.04181
3113.13064	0.04178
3111.70259	0.04182
3110.27455	0.04195
3108.84651	0.04209
3107.41847	0.04217
3105.99043	0.04222
3104.56239	0.04232
3103.13434	0.04255
3101.70630	0.04288
3100.27826	0.04321
3098.85022	0.04345
3097.42218	0.04362
3095.99414	0.04382
3094.56610	0.04414
3093.13805	0.04460
3091.71001	0.04514
3090.28197	0.04563
3088.85393	0.04600
3087.42589	0.04629
3085.99785	0.04660
3084.56980	0.04694
3083.14176	0.04724
3081.71372	0.04750
3080.28568	0.04768
3078.85764	0.04778
3077.42960	0.04774
3076.00155	0.04761
3074.57351	0.04746
3073.14547	0.04737
3071.71743	0.04739
3070.28939	0.04747
3068.86135	0.04753
3067.43331	0.04748
3066.00526	0.04726
3064.57722	0.04688
3063.14918	0.04641
3061.72114	0.04594
3060.29310	0.04556
3058.86506	0.04532
3057.43701	0.04511
3056.00897	0.04482
3054.58093	0.04441
3053.15289	0.04398
3051.72485	0.04355
3050.29681	0.04309
3048.86876	0.04259
3047.44072	0.04213
3046.01268	0.04171
3044.58464	0.04129
3043.15660	0.04081
3041.72856	0.04025
3040.30052	0.03962
3038.87247	0.03900
3037.44443	0.03847
3036.01639	0.03805
3034.58835	0.03764
3033.16031	0.03713
3031.73227	0.03650
3030.30422	0.03584
3028.87618	0.03526
3027.44814	0.03483
3026.02010	0.03452
3024.59206	0.03422
3023.16402	0.03388
3021.73597	0.03355
3020.30793	0.03330
3018.87989	0.03308
3017.45185	0.03285
3016.02381	0.03260
3014.59577	0.03233
3013.16773	0.03205
3011.73968	0.03172
3010.31164	0.03134
3008.88360	0.03094
3007.45556	0.03060
3006.02752	0.03041
3004.59948	0.03039
3003.17143	0.03047
3001.74339	0.03062
3000.31535	0.03084
2998.88731	0.03112
2997.45927	0.03141
2996.03123	0.03172
2994.60318	0.03207
2993.17514	0.03242
2991.74710	0.03267
2990.31906	0.03280
2988.89102	0.03292
2987.46298	0.03313
2986.03494	0.03344
2984.60689	0.03379
2983.17885	0.03413
2981.75081	0.03437
2980.32277	0.03443
2978.89473	0.03429
2977.46669	0.03404
2976.03864	0.03378
2974.61060	0.03353
2973.18256	0.03324
2971.75452	0.03290
2970.32648	0.03258
2968.89844	0.03234
2967.47039	0.03217
2966.04235	0.03208
2964.61431	0.03202
2963.18627	0.03195
2961.75823	0.03183
2960.33019	0.03170
2958.90215	0.03159
2957.47410	0.03158
2956.04606	0.03170
2954.61802	0.03192
2953.18998	0.03221
2951.76194	0.03254
2950.33390	0.03293
2948.90585	0.03342
2947.47781	0.03401
2946.04977	0.03462
2944.62173	0.03519
2943.19369	0.03566
2941.76565	0.03603
2940.33760	0.03633
2938.90956	0.03656
2937.48152	0.03671
2936.05348	0.03674
2934.62544	0.03669
2933.19740	0.03655
2931.76936	0.03630
2930.34131	0.03591
2928.91327	0.03537
2927.48523	0.03472
2926.05719	0.03402
2924.62915	0.03333
2923.20111	0.03270
2921.77306	0.03216
2920.34502	0.03172
2918.91698	0.03133
2917.48894	0.03092
2916.06090	0.03042
2914.63286	0.02985
2913.20481	0.02927
2911.77677	0.02871
2910.34873	0.02815
2908.92069	0.02758
2907.49265	0.02704
2906.06461	0.02659
2904.63657	0.02625
2903.20852	0.02595
2901.78048	0.02567
2900.35244	0.02543
2898.92440	0.02527
2897.49636	0.02519
2896.06832	0.02508
2894.64027	0.02491
2893.21223	0.02468
2891.78419	0.02451
2890.35615	0.02442
2888.92811	0.02440
2887.50007	0.02442
2886.07202	0.02447
2884.64398	0.02454
2883.21594	0.02460
2881.78790	0.02463
2880.35986	0.02463
2878.93182	0.02459
2877.50378	0.02456
2876.07573	0.02451
2874.64769	0.02439
2873.21965	0.02412
2871.79161	0.02372
2870.36357	0.02324
2868.93553	0.02277
2867.50748	0.02235
2866.07944	0.02199
2864.65140	0.02168
2863.22336	0.02144
2861.79532	0.02127
2860.36728	0.02112
2858.93924	0.02095
2857.51119	0.02074
2856.08315	0.02054
2854.65511	0.02038
2853.22707	0.02029
2851.79903	0.02025
2850.37099	0.02024
2848.94294	0.02019
2847.51490	0.02007
2846.08686	0.01987
2844.65882	0.01969
2843.23078	0.01959
2841.80274	0.01960
2840.37469	0.01964
2838.94665	0.01965
2837.51861	0.01960
2836.09057	0.01952
2834.66253	0.01943
2833.23449	0.01932
2831.80645	0.01918
2830.37840	0.01905
2828.95036	0.01894
2827.52232	0.01888
2826.09428	0.01886
2824.66624	0.01886
2823.23820	0.01884
2821.81015	0.01878
2820.38211	0.01870
2818.95407	0.01861
2817.52603	0.01853
2816.09799	0.01845
2814.66995	0.01839
2813.24190	0.01835
2811.81386	0.01834
2810.38582	0.01829
2808.95778	0.01817
2807.52974	0.01800
2806.10170	0.01783
2804.67366	0.01770
2803.24561	0.01763
2801.81757	0.01759
2800.38953	0.01757
2798.96149	0.01754
2797.53345	0.01744
2796.10541	0.01724
2794.67736	0.01702
2793.24932	0.01686
2791.82128	0.01676
2790.39324	0.01667
2788.96520	0.01653
2787.53716	0.01631
2786.10911	0.01607
2784.68107	0.01585
2783.25303	0.01566
2781.82499	0.01549
2780.39695	0.01534
2778.96891	0.01527
2777.54087	0.01525
2776.11282	0.01523
2774.68478	0.01512
2773.25674	0.01492
2771.82870	0.01467
2770.40066	0.01446
2768.97262	0.01429
2767.54457	0.01415
2766.11653	0.01401
2764.68849	0.01387
2763.26045	0.01374
2761.83241	0.01364
2760.40437	0.01355
2758.97632	0.01347
2757.54828	0.01337
2756.12024	0.01325
2754.69220	0.01315
2753.26416	0.01310
2751.83612	0.01311
2750.40808	0.01312
2748.98003	0.01309
2747.55199	0.01297
2746.12395	0.01279
2744.69591	0.01261
2743.26787	0.01248
2741.83983	0.01240
2740.41178	0.01235
2738.98374	0.01229
2737.55570	0.01221
2736.12766	0.01210
2734.69962	0.01200
2733.27158	0.01190
2731.84353	0.01182
2730.41549	0.01176
2728.98745	0.01174
2727.55941	0.01173
2726.13137	0.01169
2724.70333	0.01160
2723.27529	0.01150
2721.84724	0.01139
2720.41920	0.01128
2718.99116	0.01116
2717.56312	0.01108
2716.13508	0.01102
2714.70704	0.01097
2713.27899	0.01092
2711.85095	0.01088
2710.42291	0.01085
2708.99487	0.01080
2707.56683	0.01073
2706.13879	0.01066
2704.71074	0.01059
2703.28270	0.01053
2701.85466	0.01050
2700.42662	0.01048
2698.99858	0.01047
2697.57054	0.01045
2696.14250	0.01042
2694.71445	0.01037
2693.28641	0.01032
2691.85837	0.01028
2690.43033	0.01024
2689.00229	0.01021
2687.57425	0.01016
2686.14620	0.01012
2684.71816	0.01012
2683.29012	0.01018
2681.86208	0.01024
2680.43404	0.01025
2679.00600	0.01020
2677.57795	0.01009
2676.14991	0.00996
2674.72187	0.00986
2673.29383	0.00977
2671.86579	0.00968
2670.43775	0.00960
2669.00971	0.00952
2667.58166	0.00946
2666.15362	0.00943
2664.72558	0.00943
2663.29754	0.00943
2661.86950	0.00942
2660.44146	0.00938
2659.01341	0.00931
2657.58537	0.00923
2656.15733	0.00918
2654.72929	0.00914
2653.30125	0.00909
2651.87321	0.00900
2650.44516	0.00890
2649.01712	0.00881
2647.58908	0.00876
2646.16104	0.00871
2644.73300	0.00867
2643.30496	0.00863
2641.87692	0.00860
2640.44887	0.00858
2639.02083	0.00857
2637.59279	0.00854
2636.16475	0.00850
2634.73671	0.00846
2633.30867	0.00842
2631.88062	0.00836
2630.45258	0.00827
2629.02454	0.00816
2627.59650	0.00809
2626.16846	0.00803
2624.74042	0.00796
2623.31237	0.00788
2621.88433	0.00782
2620.45629	0.00778
2619.02825	0.00777
2617.60021	0.00774
2616.17217	0.00768
2614.74413	0.00757
2613.31608	0.00745
2611.88804	0.00737
2610.46000	0.00733
2609.03196	0.00731
2607.60392	0.00728
2606.17588	0.00723
2604.74783	0.00716
2603.31979	0.00708
2601.89175	0.00702
2600.46371	0.00697
2599.03567	0.00690
2597.60763	0.00681
2596.17959	0.00672
2594.75154	0.00663
2593.32350	0.00655
2591.89546	0.00649
2590.46742	0.00645
2589.03938	0.00641
2587.61134	0.00636
2586.18329	0.00630
2584.75525	0.00624
2583.32721	0.00619
2581.89917	0.00614
2580.47113	0.00608
2579.04309	0.00603
2577.61504	0.00600
2576.18700	0.00595
2574.75896	0.00585
2573.33092	0.00574
2571.90288	0.00567
2570.47484	0.00564
2569.04680	0.00559
2567.61875	0.00552
2566.19071	0.00544
2564.76267	0.00534
2563.33463	0.00526
2561.90659	0.00519
2560.47855	0.00515
2559.05050	0.00513
2557.62246	0.00511
2556.19442	0.00508
2554.76638	0.00504
2553.33834	0.00499
2551.91030	0.00493
2550.48225	0.00487
2549.05421	0.00482
2547.62617	0.00479
2546.19813	0.00478
2544.77009	0.00478
2543.34205	0.00478
2541.91401	0.00476
2540.48596	0.00473
2539.05792	0.00467
2537.62988	0.00458
2536.20184	0.00450
2534.77380	0.00444
2533.34576	0.00439
2531.91771	0.00434
2530.48967	0.00432
2529.06163	0.00432
2527.63359	0.00433
2526.20555	0.00433
2524.77751	0.00433
2523.34946	0.00436
2521.92142	0.00441
2520.49338	0.00443
2519.06534	0.00440
2517.63730	0.00433
2516.20926	0.00423
2514.78122	0.00414
2513.35317	0.00407
2511.92513	0.00404
2510.49709	0.00405
2509.06905	0.00408
2507.64101	0.00410
2506.21297	0.00407
2504.78492	0.00400
2503.35688	0.00391
2501.92884	0.00386
2500.50080	0.00385
2499.07276	0.00383
2497.64472	0.00378
2496.21667	0.00374
2494.78863	0.00371
2493.36059	0.00369
2491.93255	0.00366
2490.50451	0.00362
2489.07647	0.00359
2487.64843	0.00356
2486.22038	0.00353
2484.79234	0.00348
2483.36430	0.00344
2481.93626	0.00339
2480.50822	0.00335
2479.08018	0.00331
2477.65213	0.00328
2476.22409	0.00325
2474.79605	0.00323
2473.36801	0.00320
2471.93997	0.00316
2470.51193	0.00311
2469.08388	0.00307
2467.65584	0.00304
2466.22780	0.00301
2464.79976	0.00299
2463.37172	0.00297
2461.94368	0.00298
2460.51564	0.00300
2459.08759	0.00302
2457.65955	0.00303
2456.23151	0.00303
2454.80347	0.00300
2453.37543	0.00295
2451.94739	0.00289
2450.51934	0.00284
2449.09130	0.00283
2447.66326	0.00288
2446.23522	0.00295
2444.80718	0.00299
2443.37914	0.00297
2441.95109	0.00294
2440.52305	0.00295
2439.09501	0.00298
2437.66697	0.00301
2436.23893	0.00301
2434.81089	0.00300
2433.38285	0.00301
2431.95480	0.00304
2430.52676	0.00307
2429.09872	0.00309
2427.67068	0.00313
2426.24264	0.00320
2424.81460	0.00326
2423.38655	0.00327
2421.95851	0.00324
2420.53047	0.00322
2419.10243	0.00322
2417.67439	0.00320
2416.24635	0.00316
2414.81830	0.00314
2413.39026	0.00317
2411.96222	0.00323
2410.53418	0.00327
2409.10614	0.00328
2407.67810	0.00327
2406.25006	0.00329
2404.82201	0.00333
2403.39397	0.00335
2401.96593	0.00335
2400.53789	0.00335
2399.10985	0.00334
2397.68181	0.00335
2396.25376	0.00336
2394.82572	0.00338
2393.39768	0.00342
2391.96964	0.00347
2390.54160	0.00356
2389.11356	0.00365
2387.68551	0.00373
2386.25747	0.00378
2384.82943	0.00382
2383.40139	0.00387
2381.97335	0.00396
2380.54531	0.00406
2379.11727	0.00414
2377.68922	0.00423
2376.26118	0.00437
2374.83314	0.00450
2373.40510	0.00452
2371.97706	0.00442
2370.54902	0.00438
2369.12097	0.00442
2367.69293	0.00433
2366.26489	0.00388
2364.83685	0.00321
2363.40881	0.00258
2361.98077	0.00223
2360.55273	0.00231
2359.12468	0.00278
2357.69664	0.00336
2356.26860	0.00382
2354.84056	0.00418
2353.41252	0.00455
2351.98448	0.00487
2350.55643	0.00508
2349.12839	0.00515
2347.70035	0.00510
2346.27231	0.00495
2344.84427	0.00477
2343.41623	0.00465
2341.98818	0.00465
2340.56014	0.00476
2339.13210	0.00493
2337.70406	0.00506
2336.27602	0.00508
2334.84798	0.00504
2333.41994	0.00507
2331.99189	0.00521
2330.56385	0.00542
2329.13581	0.00555
2327.70777	0.00556
2326.27973	0.00551
2324.85169	0.00548
2323.42364	0.00544
2321.99560	0.00529
2320.56756	0.00508
2319.13952	0.00494
2317.71148	0.00489
2316.28344	0.00483
2314.85539	0.00470
2313.42735	0.00454
2311.99931	0.00442
2310.57127	0.00435
2309.14323	0.00429
2307.71519	0.00423
2306.28715	0.00419
2304.85910	0.00417
2303.43106	0.00417
2302.00302	0.00416
2300.57498	0.00413
2299.14694	0.00408
2297.71890	0.00400
2296.29085	0.00392
2294.86281	0.00387
2293.43477	0.00381
2292.00673	0.00372
2290.57869	0.00363
2289.15065	0.00358
2287.72260	0.00355
2286.29456	0.00351
2284.86652	0.00341
2283.43848	0.00327
2282.01044	0.00311
2280.58240	0.00299
2279.15436	0.00289
2277.72631	0.00282
2276.29827	0.00276
2274.87023	0.00271
2273.44219	0.00267
2272.01415	0.00264
2270.58611	0.00263
2269.15806	0.00261
2267.73002	0.00256
2266.30198	0.00249
2264.87394	0.00244
2263.44590	0.00242
2262.01786	0.00240
2260.58981	0.00239
2259.16177	0.00242
2257.73373	0.00248
2256.30569	0.00250
2254.87765	0.00243
2253.44961	0.00229
2252.02157	0.00216
2250.59352	0.00211
2249.16548	0.00214
2247.73744	0.00223
2246.30940	0.00234
2244.88136	0.00240
2243.45332	0.00238
2242.02527	0.00228
2240.59723	0.00217
2239.16919	0.00211
2237.74115	0.00209
2236.31311	0.00205
2234.88507	0.00197
2233.45702	0.00187
2232.02898	0.00185
2230.60094	0.00190
2229.17290	0.00198
2227.74486	0.00201
2226.31682	0.00197
2224.88878	0.00190
2223.46073	0.00183
2222.03269	0.00179
2220.60465	0.00173
2219.17661	0.00167
2217.74857	0.00161
2216.32053	0.00157
2214.89248	0.00154
2213.46444	0.00155
2212.03640	0.00157
2210.60836	0.00158
2209.18032	0.00161
2207.75228	0.00167
2206.32423	0.00173
2204.89619	0.00175
2203.46815	0.00172
2202.04011	0.00166
2200.61207	0.00164
2199.18403	0.00172
2197.75599	0.00185
2196.32794	0.00189
2194.89990	0.00186
2193.47186	0.00188
2192.04382	0.00196
2190.61578	0.00206
2189.18774	0.00211
2187.75969	0.00207
2186.33165	0.00186
2184.90361	0.00148
2183.47557	0.00104
2182.04753	0.00075
2180.61949	0.00065
2179.19144	0.00065
2177.76340	0.00060
2176.33536	0.00051
2174.90732	0.00048
2173.47928	0.00052
2172.05124	0.00062
2170.62320	0.00071
2169.19515	0.00076
2167.76711	0.00074
2166.33907	0.00063
2164.91103	0.00041
2163.48299	0.00005
2162.05495	-0.00046
2160.62690	-0.00111
2159.19886	-0.00166
2157.77082	-0.00182
2156.34278	-0.00153
2154.91474	-0.00100
2153.48670	-0.00048
2152.05865	-0.00013
2150.63061	0.00009
2149.20257	0.00029
2147.77453	0.00045
2146.34649	0.00052
2144.91845	0.00056
2143.49041	0.00066
2142.06236	0.00078
2140.63432	0.00086
2139.20628	0.00091
2137.77824	0.00099
2136.35020	0.00110
2134.92216	0.00121
2133.49411	0.00131
2132.06607	0.00140
2130.63803	0.00150
2129.20999	0.00161
2127.78195	0.00175
2126.35391	0.00193
2124.92586	0.00212
2123.49782	0.00229
2122.06978	0.00242
2120.64174	0.00252
2119.21370	0.00259
2117.78566	0.00267
2116.35762	0.00271
2114.92957	0.00268
2113.50153	0.00256
2112.07349	0.00243
2110.64545	0.00239
2109.21741	0.00245
2107.78937	0.00256
2106.36132	0.00262
2104.93328	0.00262
2103.50524	0.00258
2102.07720	0.00252
2100.64916	0.00248
2099.22112	0.00247
2097.79308	0.00246
2096.36503	0.00241
2094.93699	0.00237
2093.50895	0.00238
2092.08091	0.00244
2090.65287	0.00254
2089.22483	0.00261
2087.79678	0.00259
2086.36874	0.00252
2084.94070	0.00249
2083.51266	0.00252
2082.08462	0.00262
2080.65658	0.00272
2079.22853	0.00279
2077.80049	0.00281
2076.37245	0.00278
2074.94441	0.00272
2073.51637	0.00260
2072.08833	0.00244
2070.66029	0.00228
2069.23224	0.00218
2067.80420	0.00215
2066.37616	0.00218
2064.94812	0.00224
2063.52008	0.00229
2062.09204	0.00228
2060.66399	0.00223
2059.23595	0.00220
2057.80791	0.00219
2056.37987	0.00213
2054.95183	0.00205
2053.52379	0.00201
2052.09574	0.00197
2050.66770	0.00181
2049.23966	0.00148
2047.81162	0.00115
2046.38358	0.00096
2044.95554	0.00089
2043.52750	0.00081
2042.09945	0.00066
2040.67141	0.00046
2039.24337	0.00022
2037.81533	-0.00007
2036.38729	-0.00036
2034.95925	-0.00059
2033.53120	-0.00077
2032.10316	-0.00094
2030.67512	-0.00111
2029.24708	-0.00122
2027.81904	-0.00118
2026.39100	-0.00095
2024.96295	-0.00064
2023.53491	-0.00039
2022.10687	-0.00033
2020.67883	-0.00041
2019.25079	-0.00054
2017.82275	-0.00064
2016.39471	-0.00067
2014.96666	-0.00058
2013.53862	-0.00036
2012.11058	-0.00008
2010.68254	0.00012
2009.25450	0.00020
2007.82646	0.00020
2006.39841	0.00025
2004.97037	0.00039
2003.54233	0.00059
2002.11429	0.00078
2000.68625	0.00091
1999.25821	0.00096
1997.83016	0.00097
1996.40212	0.00096
1994.97408	0.00092
1993.54604	0.00087
1992.11800	0.00094
1990.68996	0.00111
1989.26192	0.00126
1987.83387	0.00130
1986.40583	0.00124
1984.97779	0.00112
1983.54975	0.00101
1982.12171	0.00093
1980.69367	0.00079
1979.26562	0.00053
1977.83758	0.00024
1976.40954	0.00015
1974.98150	0.00034
1973.55346	0.00063
1972.12542	0.00080
1970.69737	0.00084
1969.26933	0.00079
1967.84129	0.00067
1966.41325	0.00053
1964.98521	0.00053
1963.55717	0.00071
1962.12913	0.00095
1960.70108	0.00109
1959.27304	0.00115
1957.84500	0.00122
1956.41696	0.00133
1954.98892	0.00148
1953.56088	0.00164
1952.13283	0.00177
1950.70479	0.00183
1949.27675	0.00185
1947.84871	0.00186
1946.42067	0.00185
1944.99263	0.00180
1943.56458	0.00174
1942.13654	0.00174
1940.70850	0.00180
1939.28046	0.00186
1937.85242	0.00191
1936.42438	0.00193
1934.99634	0.00193
1933.56829	0.00195
1932.14025	0.00201
1930.71221	0.00208
1929.28417	0.00212
1927.85613	0.00211
1926.42809	0.00206
1925.00004	0.00199
1923.57200	0.00196
1922.14396	0.00204
1920.71592	0.00217
1919.28788	0.00226
1917.85984	0.00231
1916.43179	0.00235
1915.00375	0.00241
1913.57571	0.00246
1912.14767	0.00251
1910.71963	0.00256
1909.29159	0.00264
1907.86355	0.00271
1906.43550	0.00276
1905.00746	0.00280
1903.57942	0.00283
1902.15138	0.00282
1900.72334	0.00281
1899.29530	0.00281
1897.86725	0.00283
1896.43921	0.00287
1895.01117	0.00293
1893.58313	0.00296
1892.15509	0.00294
1890.72705	0.00290
1889.29900	0.00292
1887.87096	0.00298
1886.44292	0.00304
1885.01488	0.00307
1883.58684	0.00310
1882.15880	0.00312
1880.73076	0.00311
1879.30271	0.00309
1877.87467	0.00308
1876.44663	0.00310
1875.01859	0.00312
1873.59055	0.00313
1872.16251	0.00310
1870.73446	0.00304
1869.30642	0.00299
1867.87838	0.00305
1866.45034	0.00319
1865.02230	0.00329
1863.59426	0.00332
1862.16622	0.00330
1860.73817	0.00330
1859.31013	0.00337
1857.88209	0.00346
1856.45405	0.00351
1855.02601	0.00351
1853.59797	0.00351
1852.16992	0.00352
1850.74188	0.00356
1849.31384	0.00361
1847.88580	0.00365
1846.45776	0.00366
1845.02972	0.00366
1843.60167	0.00368
1842.17363	0.00376
1840.74559	0.00384
1839.31755	0.00391
1837.88951	0.00396
1836.46147	0.00399
1835.03343	0.00398
1833.60538	0.00397
1832.17734	0.00399
1830.74930	0.00406
1829.32126	0.00416
1827.89322	0.00424
1826.46518	0.00428
1825.03713	0.00430
1823.60909	0.00438
1822.18105	0.00447
1820.75301	0.00453
1819.32497	0.00457
1817.89693	0.00457
1816.46888	0.00459
1815.04084	0.00465
1813.61280	0.00474
1812.18476	0.00484
1810.75672	0.00494
1809.32868	0.00503
1807.90064	0.00509
1806.47259	0.00514
1805.04455	0.00520
1803.61651	0.00525
1802.18847	0.00532
1800.76043	0.00538
1799.33239	0.00544
1797.90434	0.00551
1796.47630	0.00561
1795.04826	0.00570
1793.62022	0.00575
1792.19218	0.00580
1790.76414	0.00585
1789.33609	0.00593
1787.90805	0.00602
1786.48001	0.00612
1785.05197	0.00622
1783.62393	0.00634
1782.19589	0.00645
1780.76785	0.00653
1779.33980	0.00659
1777.91176	0.00665
1776.48372	0.00669
1775.05568	0.00673
1773.62764	0.00679
1772.19960	0.00688
1770.77155	0.00700
1769.34351	0.00712
1767.91547	0.00722
1766.48743	0.00731
1765.05939	0.00739
1763.63135	0.00744
1762.20330	0.00751
1760.77526	0.00765
1759.34722	0.00779
1757.91918	0.00789
1756.49114	0.00797
1755.06310	0.00804
1753.63506	0.00808
1752.20701	0.00815
1750.77897	0.00828
1749.35093	0.00848
1747.92289	0.00873
1746.49485	0.00897
1745.06681	0.00913
1743.63876	0.00927
1742.21072	0.00940
1740.78268	0.00954
1739.35464	0.00972
1737.92660	0.00990
1736.49856	0.00999
1735.07051	0.01008
1733.64247	0.01042
1732.21443	0.01091
1730.78639	0.01134
1729.35835	0.01176
1727.93031	0.01217
1726.50227	0.01256
1725.07422	0.01300
1723.64618	0.01349
1722.21814	0.01394
1720.79010	0.01434
1719.36206	0.01482
1717.93402	0.01573
1716.50597	0.01744
1715.07793	0.01931
1713.64989	0.02085
1712.22185	0.02241
1710.79381	0.02418
1709.36577	0.02618
1707.93772	0.02868
1706.50968	0.03221
1705.08164	0.03644
1703.65360	0.04020
1702.22556	0.04355
1700.79752	0.04782
1699.36948	0.05337
1697.94143	0.05887
1696.51339	0.06429
1695.08535	0.06946
1693.65731	0.07341
1692.22927	0.07663
1690.80123	0.08026
1689.37318	0.08457
1687.94514	0.08865
1686.51710	0.09240
1685.08906	0.09787
1683.66102	0.10610
1682.23298	0.11310
1680.80493	0.11799
1679.37689	0.12227
1677.94885	0.12667
1676.52081	0.13198
1675.09277	0.13857
1673.66473	0.14505
1672.23669	0.15067
1670.80864	0.15733
1669.38060	0.16635
1667.95256	0.17452
1666.52452	0.18023
1665.09648	0.18556
1663.66844	0.19277
1662.24039	0.20210
1660.81235	0.21092
1659.38431	0.21790
1657.95627	0.22377
1656.52823	0.22914
1655.10019	0.23528
1653.67214	0.24572
1652.24410	0.25731
1650.81606	0.26269
1649.38802	0.26553
1647.95998	0.26920
1646.53194	0.27402
1645.10390	0.27752
1643.67585	0.27942
1642.24781	0.28075
1640.81977	0.28187
1639.39173	0.28272
1637.96369	0.28298
1636.53565	0.28172
1635.10760	0.27884
1633.67956	0.27647
1632.25152	0.27494
1630.82348	0.27331
1629.39544	0.27088
1627.96740	0.26759
1626.53935	0.26392
1625.11131	0.25958
1623.68327	0.25345
1622.25523	0.24626
1620.82719	0.24021
1619.39915	0.23471
1617.97111	0.22658
1616.54306	0.21427
1615.11502	0.20277
1613.68698	0.19468
1612.25894	0.18746
1610.83090	0.17917
1609.40286	0.16960
1607.97481	0.15988
1606.54677	0.15132
1605.11873	0.14413
1603.69069	0.13784
1602.26265	0.13225
1600.83461	0.12757
1599.40657	0.12388
1597.97852	0.12088
1596.55048	0.11810
1595.12244	0.11532
1593.69440	0.11267
1592.26636	0.11035
1590.83832	0.10839
1589.41027	0.10685
1587.98223	0.10584
1586.55419	0.10542
1585.12615	0.10557
1583.69811	0.10625
1582.27007	0.10737
1580.84202	0.10877
1579.41398	0.11038
1577.98594	0.11261
1576.55790	0.11634
1575.12986	0.12081
1573.70182	0.12418
1572.27378	0.12704
1570.84573	0.13102
1569.41769	0.13683
1567.98965	0.14275
1566.56161	0.14776
1565.13357	0.15268
1563.70553	0.15751
1562.27748	0.16157
1560.84944	0.16577
1559.42140	0.17454
1557.99336	0.18797
1556.56532	0.19584
1555.13728	0.20087
1553.70923	0.20593
1552.28119	0.21107
1550.85315	0.21648
1549.42511	0.22203
1547.99707	0.22690
1546.56903	0.23100
1545.14099	0.23513
1543.71294	0.23991
1542.28490	0.24547
1540.85686	0.25254
1539.42882	0.25897
1538.00078	0.26226
1536.57274	0.26424
1535.14469	0.26636
1533.71665	0.26916
1532.28861	0.27188
1530.86057	0.27365
1529.43253	0.27490
1528.00449	0.27610
1526.57644	0.27719
1525.14840	0.27804
1523.72036	0.27899
1522.29232	0.28040
1520.86428	0.28241
1519.43624	0.28483
1518.00820	0.28747
1516.58015	0.28993
1515.15211	0.29119
1513.72407	0.29071
1512.29603	0.28893
1510.86799	0.28656
1509.43995	0.28323
1508.01190	0.27468
1506.58386	0.25897
1505.15582	0.24886
1503.72778	0.24380
1502.29974	0.23917
1500.87170	0.23347
1499.44365	0.22594
1498.01561	0.21584
1496.58757	0.20446
1495.15953	0.19544
1493.73149	0.18943
1492.30345	0.18428
1490.87541	0.17733
1489.44736	0.16728
1488.01932	0.15757
1486.59128	0.15095
1485.16324	0.14616
1483.73520	0.14190
1482.30716	0.13758
1480.87911	0.13330
1479.45107	0.12966
1478.02303	0.12681
1476.59499	0.12438
1475.16695	0.12216
1473.73891	0.12011
1472.31086	0.11852
1470.88282	0.11782
1469.45478	0.11774
1468.02674	0.11793
1466.59870	0.11844
1465.17066	0.11961
1463.74262	0.12132
1462.31457	0.12303
1460.88653	0.12459
1459.45849	0.12649
1458.03045	0.12996
1456.60241	0.13492
1455.17437	0.13807
1453.74632	0.13946
1452.31828	0.14019
1450.89024	0.14041
1449.46220	0.13989
1448.03416	0.13840
1446.60612	0.13614
1445.17807	0.13355
1443.75003	0.13075
1442.32199	0.12775
1440.89395	0.12483
1439.46591	0.12207
1438.03787	0.11895
1436.60983	0.11509
1435.18178	0.11172
1433.75374	0.10967
1432.32570	0.10833
1430.89766	0.10724
1429.46962	0.10653
1428.04158	0.10641
1426.61353	0.10689
1425.18549	0.10799
1423.75745	0.10964
1422.32941	0.11156
1420.90137	0.11382
1419.47333	0.11711
1418.04528	0.12135
1416.61724	0.12501
1415.18920	0.12769
1413.76116	0.12983
1412.33312	0.13150
1410.90508	0.13247
1409.47704	0.13258
1408.04899	0.13190
1406.62095	0.13048
1405.19291	0.12839
1403.76487	0.12613
1402.33683	0.12427
1400.90879	0.12276
1399.48074	0.12140
1398.05270	0.12040
1396.62466	0.12015
1395.19662	0.12074
1393.76858	0.12191
1392.34054	0.12325
1390.91249	0.12458
1389.48445	0.12595
1388.05641	0.12735
1386.62837	0.12851
1385.20033	0.12919
1383.77229	0.12948
1382.34425	0.12953
1380.91620	0.12941
1379.48816	0.12912
1378.06012	0.12864
1376.63208	0.12788
1375.20404	0.12665
1373.77600	0.12491
1372.34795	0.12296
1370.91991	0.12090
1369.49187	0.11846
1368.06383	0.11563
1366.63579	0.11282
1365.20775	0.11015
1363.77971	0.10726
1362.35166	0.10414
1360.92362	0.10147
1359.49558	0.09961
1358.06754	0.09827
1356.63950	0.09724
1355.21146	0.09650
1353.78341	0.09614
1352.35537	0.09621
1350.92733	0.09675
1349.49929	0.09781
1348.07125	0.09937
1346.64321	0.10136
1345.21516	0.10369
1343.78712	0.10624
1342.35908	0.10904
1340.93104	0.11240
1339.50300	0.11640
1338.07496	0.12024
1336.64692	0.12301
1335.21887	0.12458
1333.79083	0.12509
1332.36279	0.12455
1330.93475	0.12308
1329.50671	0.12087
1328.07867	0.11825
1326.65062	0.11552
1325.22258	0.11289
1323.79454	0.11052
1322.36650	0.10852
1320.93846	0.10690
1319.51042	0.10565
1318.08237	0.10478
1316.65433	0.10427
1315.22629	0.10403
1313.79825	0.10400
1312.37021	0.10414
1310.94217	0.10439
1309.51413	0.10473
1308.08608	0.10514
1306.65804	0.10561
1305.23000	0.10611
1303.80196	0.10663
1302.37392	0.10719
1300.94588	0.10778
1299.51783	0.10841
1298.08979	0.10907
1296.66175	0.10976
1295.23371	0.11046
1293.80567	0.11119
1292.37763	0.11194
1290.94958	0.11271
1289.52154	0.11349
1288.09350	0.11431
1286.66546	0.11521
1285.23742	0.11622
1283.80938	0.11736
1282.38134	0.11866
1280.95329	0.12015
1279.52525	0.12183
1278.09721	0.12371
1276.66917	0.12573
1275.24113	0.12786
1273.81309	0.13009
1272.38504	0.13242
1270.95700	0.13481
1269.52896	0.13717
1268.10092	0.13945
1266.67288	0.14165
1265.24484	0.14381
1263.81679	0.14590
1262.38875	0.14797
1260.96071	0.15005
1259.53267	0.15220
1258.10463	0.15444
1256.67659	0.15679
1255.24855	0.15933
1253.82050	0.16211
1252.39246	0.16513
1250.96442	0.16838
1249.53638	0.17180
1248.10834	0.17539
1246.68030	0.17908
1245.25225	0.18281
1243.82421	0.18644
1242.39617	0.18983
1240.96813	0.19284
1239.54009	0.19533
1238.11205	0.19722
1236.68400	0.19840
1235.25596	0.19886
1233.82792	0.19864
1232.39988	0.19777
1230.97184	0.19624
1229.54380	0.19406
1228.11576	0.19123
1226.68771	0.18777
1225.25967	0.18377
1223.83163	0.17934
1222.40359	0.17458
1220.97555	0.16957
1219.54751	0.16435
1218.11946	0.15900
1216.69142	0.15366
1215.26338	0.14840
1213.83534	0.14329
1212.40730	0.13837
1210.97926	0.13373
1209.55121	0.12941
1208.12317	0.12538
1206.69513	0.12156
1205.26709	0.11790
1203.83905	0.11439
1202.41101	0.11108
1200.98297	0.10800
1199.55492	0.10521
1198.12688	0.10274
1196.69884	0.10059
1195.27080	0.09878
1193.84276	0.09729
1192.41472	0.09610
1190.98667	0.09519
1189.55863	0.09453
1188.13059	0.09412
1186.70255	0.09398
1185.27451	0.09414
1183.84647	0.09462
1182.41842	0.09547
1180.99038	0.09676
1179.56234	0.09851
1178.13430	0.10065
1176.70626	0.10298
1175.27822	0.10524
1173.85018	0.10717
1172.42213	0.10859
1170.99409	0.10943
1169.56605	0.10977
1168.13801	0.10972
1166.70997	0.10939
1165.28193	0.10887
1163.85388	0.10820
1162.42584	0.10737
1160.99780	0.10636
1159.56976	0.10518
1158.14172	0.10387
1156.71368	0.10247
1155.28563	0.10099
1153.85759	0.09945
1152.42955	0.09784
1151.00151	0.09619
1149.57347	0.09453
1148.14543	0.09292
1146.71739	0.09138
1145.28934	0.08993
1143.86130	0.08859
1142.43326	0.08739
1141.00522	0.08633
1139.57718	0.08540
1138.14914	0.08456
1136.72109	0.08380
1135.29305	0.08316
1133.86501	0.08265
1132.43697	0.08225
1131.00893	0.08193
1129.58089	0.08167
1128.15284	0.08148
1126.72480	0.08136
1125.29676	0.08128
1123.86872	0.08121
1122.44068	0.08116
1121.01264	0.08114
1119.58460	0.08118
1118.15655	0.08127
1116.72851	0.08135
1115.30047	0.08143
1113.87243	0.08154
1112.44439	0.08173
1111.01635	0.08209
1109.58830	0.08262
1108.16026	0.08323
1106.73222	0.08375
1105.30418	0.08405
1103.87614	0.08403
1102.44810	0.08367
1101.02006	0.08300
1099.59201	0.08212
1098.16397	0.08121
1096.73593	0.08043
1095.30789	0.07990
1093.87985	0.07965
1092.45181	0.07975
1091.02376	0.08025
1089.59572	0.08114
1088.16768	0.08241
1086.73964	0.08400
1085.31160	0.08587
1083.88356	0.08793
1082.45551	0.09008
1081.02747	0.09222
1079.59943	0.09428
1078.17139	0.09623
1076.74335	0.09803
1075.31531	0.09966
1073.88727	0.10112
1072.45922	0.10237
1071.03118	0.10336
1069.60314	0.10413
1068.17510	0.10475
1066.74706	0.10537
1065.31902	0.10617
1063.89097	0.10733
1062.46293	0.10894
1061.03489	0.11087
1059.60685	0.11280
1058.17881	0.11428
1056.75077	0.11495
1055.32272	0.11464
1053.89468	0.11345
1052.46664	0.11161
1051.03860	0.10936
1049.61056	0.10691
1048.18252	0.10443
1046.75448	0.10203
1045.32643	0.09979
1043.89839	0.09775
1042.47035	0.09597
1041.04231	0.09446
1039.61427	0.09319
1038.18623	0.09218
1036.75818	0.09142
1035.33014	0.09091
1033.90210	0.09059
1032.47406	0.09037
1031.04602	0.09015
1029.61798	0.08987
1028.18993	0.08949
1026.76189	0.08908
1025.33385	0.08889
1023.90581	0.08924
1022.47777	0.09042
1021.04973	0.09249
1019.62169	0.09521
1018.19364	0.09802
1016.76560	0.10028
1015.33756	0.10148
1013.90952	0.10142
1012.48148	0.10016
1011.05344	0.09796
1009.62539	0.09514
1008.19735	0.09200
1006.76931	0.08879
1005.34127	0.08569
1003.91323	0.08278
1002.48519	0.08012
1001.05714	0.07771
999.62910	0.07552
998.20106	0.07348
996.77302	0.07154
995.34498	0.06965
993.91694	0.06781
992.48890	0.06602
991.06085	0.06432
989.63281	0.06277
988.20477	0.06148
986.77673	0.06048
985.34869	0.05974
983.92065	0.05921
982.49260	0.05883
981.06456	0.05860
979.63652	0.05850
978.20848	0.05847
976.78044	0.05845
975.35240	0.05842
973.92435	0.05839
972.49631	0.05842
971.06827	0.05853
969.64023	0.05876
968.21219	0.05907
966.78415	0.05946
965.35611	0.05993
963.92806	0.06047
962.50002	0.06104
961.07198	0.06159
959.64394	0.06211
958.21590	0.06261
956.78786	0.06309
955.35981	0.06354
953.93177	0.06398
952.50373	0.06443
951.07569	0.06485
949.64765	0.06519
948.21961	0.06541
946.79156	0.06553
945.36352	0.06551
943.93548	0.06534
942.50744	0.06504
941.07940	0.06466
939.65136	0.06425
938.22332	0.06381
936.79527	0.06334
935.36723	0.06285
933.93919	0.06237
932.51115	0.06192
931.08311	0.06148
929.65507	0.06103
928.22702	0.06058
926.79898	0.06013
925.37094	0.05967
923.94290	0.05915
922.51486	0.05852
921.08682	0.05777
919.65877	0.05698
918.23073	0.05623
916.80269	0.05555
915.37465	0.05491
913.94661	0.05428
912.51857	0.05366
911.09053	0.05312
909.66248	0.05272
908.23444	0.05243
906.80640	0.05220
905.37836	0.05195
903.95032	0.05170
902.52228	0.05150
901.09423	0.05135
899.66619	0.05122
898.23815	0.05109
896.81011	0.05099
895.38207	0.05092
893.95403	0.05089
892.52598	0.05086
891.09794	0.05083
889.66990	0.05084
888.24186	0.05092
886.81382	0.05106
885.38578	0.05125
883.95774	0.05147
882.52969	0.05169
881.10165	0.05192
879.67361	0.05215
878.24557	0.05240
876.81753	0.05267
875.38949	0.05301
873.96144	0.05343
872.53340	0.05392
871.10536	0.05450
869.67732	0.05518
868.24928	0.05599
866.82124	0.05694
865.39320	0.05804
863.96515	0.05924
862.53711	0.06052
861.10907	0.06183
859.68103	0.06316
858.25299	0.06447
856.82495	0.06572
855.39690	0.06685
853.96886	0.06784
852.54082	0.06865
851.11278	0.06923
849.68474	0.06956
848.25670	0.06971
846.82865	0.06981
845.40061	0.07002
843.97257	0.07044
842.54453	0.07114
841.11649	0.07209
839.68845	0.07323
838.26041	0.07444
836.83236	0.07565
835.40432	0.07679
833.97628	0.07781
832.54824	0.07869
831.12020	0.07942
829.69216	0.07999
828.26411	0.08037
826.83607	0.08057
825.40803	0.08061
823.97999	0.08056
822.55195	0.08048
821.12391	0.08046
819.69586	0.08057
818.26782	0.08083
816.83978	0.08126
815.41174	0.08185
813.98370	0.08259
812.55566	0.08341
811.12762	0.08423
809.69957	0.08505
808.27153	0.08586
806.84349	0.08667
805.41545	0.08746
803.98741	0.08818
802.55937	0.08879
801.13132	0.08931
799.70328	0.08976
798.27524	0.09020
796.84720	0.09068
795.41916	0.09124
793.99112	0.09189
792.56307	0.09262
791.13503	0.09339
789.70699	0.09421
788.27895	0.09513
786.85091	0.09615
785.42287	0.09725
783.99483	0.09836
782.56678	0.09944
781.13874	0.10049
779.71070	0.10160
778.28266	0.10278
776.85462	0.10400
775.42658	0.10523
773.99853	0.10647
772.57049	0.10770
771.14245	0.10889
769.71441	0.11002
768.28637	0.11112
766.85833	0.11223
765.43028	0.11336
764.00224	0.11450
762.57420	0.11566
761.14616	0.11686
759.71812	0.11812
758.29008	0.11943
756.86204	0.12083
755.43399	0.12232
754.00595	0.12388
752.57791	0.12551
751.14987	0.12715
749.72183	0.12878
748.29379	0.13037
746.86574	0.13192
745.43770	0.13345
744.00966	0.13503
742.58162	0.13664
741.15358	0.13829
739.72554	0.13994
738.29749	0.14159
736.86945	0.14324
735.44141	0.14493
734.01337	0.14666
732.58533	0.14837
731.15729	0.15002
729.72925	0.15162
728.30120	0.15319
726.87316	0.15476
725.44512	0.15629
724.01708	0.15777
722.58904	0.15921
721.16100	0.16067
719.73295	0.16213
718.30491	0.16358
716.87687	0.16505
715.44883	0.16660
714.02079	0.16825
712.59275	0.16999
711.16470	0.17177
709.73666	0.17360
708.30862	0.17551
706.88058	0.17749
705.45254	0.17953
704.02450	0.18156
702.59646	0.18352
701.16841	0.18538
699.74037	0.18721
698.31233	0.18904
696.88429	0.19083
695.45625	0.19257
694.02821	0.19422
692.60016	0.19583
691.17212	0.19751
689.74408	0.19932
688.31604	0.20123
686.88800	0.20313
685.45996	0.20495
684.03191	0.20665
682.60387	0.20826
681.17583	0.20981
679.74779	0.21132
678.31975	0.21276
676.89171	0.21410
675.46367	0.21535
674.03562	0.21655
672.60758	0.21767
671.17954	0.21874
669.75150	0.22002
668.32346	0.22171
666.89542	0.22323
665.46737	0.22422
664.03933	0.22509
662.61129	0.22609
661.18325	0.22720
659.75521	0.22826
658.32717	0.22922
656.89912	0.23010
655.47108	0.23096
654.04304	0.23180
652.61500	0.23262
651.18696	0.23343
649.75892	0.23416
648.33088	0.23475
646.90283	0.23526
645.47479	0.23582
644.04675	0.23647
642.61871	0.23711
641.19067	0.23766
639.76263	0.23808
638.33458	0.23841
636.90654	0.23872
635.47850	0.23908
634.05046	0.23950
632.62242	0.23991
631.19438	0.24025
629.76633	0.24052
628.33829	0.24079
626.91025	0.24114
625.48221	0.24152
624.05417	0.24187
622.62613	0.24217
621.19809	0.24237
619.77004	0.24248
618.34200	0.24256
616.91396	0.24271
615.48592	0.24299
614.05788	0.24340
612.62984	0.24388
611.20179	0.24435
609.77375	0.24480
608.34571	0.24524
606.91767	0.24571
605.48963	0.24617
604.06159	0.24658
602.63355	0.24701
601.20550	0.24750
599.77746	0.24800
598.34942	0.24847
596.92138	0.24895
595.49334	0.24954
594.06530	0.25029
592.63725	0.25116
591.20921	0.25206
589.78117	0.25294
588.35313	0.25387
586.92509	0.25494
585.49705	0.25614
584.06900	0.25740
582.64096	0.25876
581.21292	0.26033
579.78488	0.26211
578.35684	0.26401
576.92880	0.26591
575.50076	0.26779
574.07271	0.26962
572.64467	0.27147
571.21663	0.27348
569.78859	0.27572
568.36055	0.27815
566.93251	0.28072
565.50446	0.28335
564.07642	0.28594
562.64838	0.28842
561.22034	0.29087
559.79230	0.29339
558.36426	0.29601
556.93621	0.29868
555.50817	0.30140
554.08013	0.30420
552.65209	0.30706
551.22405	0.30981
549.79601	0.31223
548.36797	0.31418
546.93992	0.31573
545.51188	0.31704
544.08384	0.31811
542.65580	0.31888
541.22776	0.31937
539.79972	0.31972
538.37167	0.31999
536.94363	0.32011
535.51559	0.32001
534.08755	0.31979
532.65951	0.31959
531.23147	0.31942
529.80342	0.31922
528.37538	0.31898
526.94734	0.31871
525.51930	0.31848
524.09126	0.31834
522.66322	0.31834
521.23518	0.31842
519.80713	0.31858
518.37909	0.31889
516.95105	0.31946
515.52301	0.32024
514.09497	0.32108
512.66693	0.32179
511.23888	0.32222
509.81084	0.32236
508.38280	0.32239
506.95476	0.32252
505.52672	0.32268
504.09868	0.32275
502.67063	0.32277
501.24259	0.32287
499.81455	0.32294
498.38651	0.32279
496.95847	0.32252
495.53043	0.32248
494.10239	0.32286
492.67434	0.32346
491.24630	0.32391
489.81826	0.32399
488.39022	0.32372
486.96218	0.32313
485.53414	0.32229
484.10609	0.32137
482.67805	0.32057
481.25001	0.31984
479.82197	0.31900
478.39393	0.31811
476.96589	0.31745
475.53784	0.31705
474.10980	0.31658
472.68176	0.31573
471.25372	0.31487
469.82568	0.31444
468.39764	0.31421
466.96960	0.31369
465.54155	0.31280
464.11351	0.31187
462.68547	0.31117
461.25743	0.31073
459.82939	0.31026
458.40135	0.30940
456.97330	0.30817
455.54526	0.30722
454.11722	0.30673
452.68918	0.30624
451.26114	0.30539
449.83310	0.30438
448.40505	0.30357
446.97701	0.30305
445.54897	0.30258
444.12093	0.30184
442.69289	0.30080
441.26485	0.29981
439.83681	0.29902
438.40876	0.29822
436.98072	0.29739
435.55268	0.29698
434.12464	0.29727
432.69660	0.29789
431.26856	0.29830
429.84051	0.29831
428.41247	0.29813
426.98443	0.29796
425.55639	0.29776
424.12835	0.29740
422.70031	0.29696
421.27226	0.29656
419.84422	0.29639
418.41618	0.29682
416.98814	0.29771
415.56010	0.29850
414.13206	0.29919
412.70402	0.29997
411.27597	0.30071
409.84793	0.30104
408.41989	0.30065
406.99185	0.29966
405.56381	0.29842
404.13577	0.29730
402.70772	0.29642
401.27968	0.29566
399.85164	0.29465
