3998.51641	0.00336
3997.08837	0.00336
3995.66033	0.00339
3994.23229	0.00343
3992.80425	0.00347
3991.37620	0.00350
3989.94816	0.00351
3988.52012	0.00349
3987.09208	0.00345
3985.66404	0.00341
3984.23600	0.00336
3982.80796	0.00331
3981.37991	0.00329
3979.95187	0.00329
3978.52383	0.00331
3977.09579	0.00334
3975.66775	0.00337
3974.23971	0.00338
3972.81166	0.00336
3971.38362	0.00334
3969.95558	0.00330
3968.52754	0.00327
3967.09950	0.00325
3965.67146	0.00325
3964.24341	0.00328
3962.81537	0.00330
3961.38733	0.00331
3959.95929	0.00331
3958.53125	0.00330
3957.10321	0.00328
3955.67517	0.00326
3954.24712	0.00324
3952.81908	0.00324
3951.39104	0.00325
3949.96300	0.00323
3948.53496	0.00317
3947.10692	0.00311
3945.67887	0.00307
3944.25083	0.00306
3942.82279	0.00306
3941.39475	0.00306
3939.96671	0.00308
3938.53867	0.00311
3937.11062	0.00312
3935.68258	0.00312
3934.25454	0.00308
3932.82650	0.00303
3931.39846	0.00296
3929.97042	0.00292
3928.54238	0.00291
3927.11433	0.00290
3925.68629	0.00288
3924.25825	0.00287
3922.83021	0.00289
3921.40217	0.00293
3919.97413	0.00294
3918.54608	0.00292
3917.11804	0.00288
3915.69000	0.00289
3914.26196	0.00298
3912.83392	0.00307
3911.40588	0.00309
3909.97783	0.00305
3908.54979	0.00298
3907.12175	0.00286
3905.69371	0.00264
3904.26567	0.00238
3902.83763	0.00225
3901.40959	0.00233
3899.98154	0.00250
3898.55350	0.00267
3897.12546	0.00280
3895.69742	0.00284
3894.26938	0.00281
3892.84134	0.00277
3891.41329	0.00275
3889.98525	0.00272
3888.55721	0.00263
3887.12917	0.00247
3885.70113	0.00235
3884.27309	0.00236
3882.84504	0.00245
3881.41700	0.00253
3879.98896	0.00259
3878.56092	0.00266
3877.13288	0.00267
3875.70484	0.00260
3874.27680	0.00244
3872.84875	0.00224
3871.42071	0.00207
3869.99267	0.00203
3868.56463	0.00216
3867.13659	0.00232
3865.70855	0.00238
3864.28050	0.00235
3862.85246	0.00233
3861.42442	0.00240
3859.99638	0.00246
3858.56834	0.00243
3857.14030	0.00224
3855.71226	0.00181
3854.28421	0.00127
3852.85617	0.00123
3851.42813	0.00172
3850.00009	0.00217
3848.57205	0.00244
3847.14401	0.00256
3845.71596	0.00259
3844.28792	0.00253
3842.85988	0.00238
3841.43184	0.00215
3840.00380	0.00185
3838.57576	0.00165
3837.14771	0.00167
3835.71967	0.00186
3834.29163	0.00208
3832.86359	0.00223
3831.43555	0.00231
3830.00751	0.00237
3828.57947	0.00240
3827.15142	0.00238
3825.72338	0.00230
3824.29534	0.00218
3822.86730	0.00203
3821.43926	0.00188
3820.01122	0.00181
3818.58317	0.00179
3817.15513	0.00181
3815.72709	0.00197
3814.29905	0.00221
3812.87101	0.00240
3811.44297	0.00248
3810.01492	0.00245
3808.58688	0.00233
3807.15884	0.00215
3805.73080	0.00201
3804.30276	0.00190
3802.87472	0.00177
3801.44668	0.00170
3800.01863	0.00180
3798.59059	0.00197
3797.16255	0.00211
3795.73451	0.00221
3794.30647	0.00229
3792.87843	0.00235
3791.45038	0.00238
3790.02234	0.00238
3788.59430	0.00233
3787.16626	0.00225
3785.73822	0.00219
3784.31018	0.00217
3782.88213	0.00220
3781.45409	0.00224
3780.02605	0.00228
3778.59801	0.00238
3777.16997	0.00248
3775.74193	0.00253
3774.31389	0.00251
3772.88584	0.00244
3771.45780	0.00231
3770.02976	0.00215
3768.60172	0.00206
3767.17368	0.00206
3765.74564	0.00213
3764.31759	0.00223
3762.88955	0.00230
3761.46151	0.00231
3760.03347	0.00227
3758.60543	0.00224
3757.17739	0.00219
3755.74934	0.00208
3754.32130	0.00188
3752.89326	0.00154
3751.46522	0.00112
3750.03718	0.00097
3748.60914	0.00109
3747.18110	0.00123
3745.75305	0.00136
3744.32501	0.00159
3742.89697	0.00183
3741.46893	0.00200
3740.04089	0.00209
3738.61285	0.00205
3737.18480	0.00182
3735.75676	0.00147
3734.32872	0.00137
3732.90068	0.00161
3731.47264	0.00191
3730.04460	0.00213
3728.61655	0.00228
3727.18851	0.00240
3725.76047	0.00247
3724.33243	0.00242
3722.90439	0.00231
3721.47635	0.00227
3720.04831	0.00236
3718.62026	0.00252
3717.19222	0.00264
3715.76418	0.00265
3714.33614	0.00256
3712.90810	0.00240
3711.48006	0.00230
3710.05201	0.00242
3708.62397	0.00263
3707.19593	0.00281
3705.76789	0.00293
3704.33985	0.00299
3702.91181	0.00304
3701.48376	0.00314
3700.05572	0.00328
3698.62768	0.00339
3697.19964	0.00344
3695.77160	0.00344
3694.34356	0.00337
3692.91552	0.00321
3691.48747	0.00297
3690.05943	0.00290
3688.63139	0.00328
3687.20335	0.00379
3685.77531	0.00411
3684.34727	0.00425
3682.91922	0.00428
3681.49118	0.00424
3680.06314	0.00415
3678.63510	0.00405
3677.20706	0.00399
3675.77902	0.00414
3674.35097	0.00448
3672.92293	0.00470
3671.49489	0.00481
3670.06685	0.00508
3668.63881	0.00560
3667.21077	0.00613
3665.78273	0.00656
3664.35468	0.00692
3662.92664	0.00722
3661.49860	0.00748
3660.07056	0.00770
3658.64252	0.00790
3657.21448	0.00815
3655.78643	0.00846
3654.35839	0.00873
3652.93035	0.00888
3651.50231	0.00890
3650.07427	0.00893
3648.64623	0.00935
3647.21818	0.01008
3645.79014	0.01068
3644.36210	0.01112
3642.93406	0.01149
3641.50602	0.01184
3640.07798	0.01220
3638.64994	0.01255
3637.22189	0.01292
3635.79385	0.01329
3634.36581	0.01365
3632.93777	0.01391
3631.50973	0.01405
3630.08169	0.01423
3628.65364	0.01481
3627.22560	0.01562
3625.79756	0.01628
3624.36952	0.01676
3622.94148	0.01710
3621.51344	0.01731
3620.08539	0.01747
3618.65735	0.01776
3617.22931	0.01819
3615.80127	0.01865
3614.37323	0.01906
3612.94519	0.01948
3611.51715	0.01992
3610.08910	0.02040
3608.66106	0.02095
3607.23302	0.02156
3605.80498	0.02212
3604.37694	0.02261
3602.94890	0.02305
3601.52085	0.02346
3600.09281	0.02387
3598.66477	0.02430
3597.23673	0.02477
3595.80869	0.02532
3594.38065	0.02593
3592.95261	0.02647
3591.52456	0.02688
3590.09652	0.02720
3588.66848	0.02761
3587.24044	0.02825
3585.81240	0.02898
3584.38436	0.02964
3582.95631	0.03021
3581.52827	0.03074
3580.10023	0.03125
3578.67219	0.03174
3577.24415	0.03225
3575.81611	0.03283
3574.38806	0.03343
3572.96002	0.03399
3571.53198	0.03445
3570.10394	0.03482
3568.67590	0.03518
3567.24786	0.03574
3565.81982	0.03652
3564.39177	0.03727
3562.96373	0.03790
3561.53569	0.03848
3560.10765	0.03905
3558.67961	0.03965
3557.25157	0.04025
3555.82352	0.04084
3554.39548	0.04142
3552.96744	0.04199
3551.53940	0.04255
3550.11136	0.04308
3548.68332	0.04357
3547.25527	0.04405
3545.82723	0.04459
3544.39919	0.04525
3542.97115	0.04595
3541.54311	0.04664
3540.11507	0.04727
3538.68703	0.04783
3537.25898	0.04834
3535.83094	0.04886
3534.40290	0.04938
3532.97486	0.04990
3531.54682	0.05040
3530.11878	0.05090
3528.69073	0.05139
3527.26269	0.05187
3525.83465	0.05232
3524.40661	0.05278
3522.97857	0.05333
3521.55053	0.05397
3520.12248	0.05458
3518.69444	0.05511
3517.26640	0.05555
3515.83836	0.05597
3514.41032	0.05639
3512.98228	0.05684
3511.55424	0.05729
3510.12619	0.05775
3508.69815	0.05818
3507.27011	0.05859
3505.84207	0.05894
3504.41403	0.05929
3502.98599	0.05968
3501.55794	0.06010
3500.12990	0.06050
3498.70186	0.06089
3497.27382	0.06128
3495.84578	0.06171
3494.41774	0.06216
3492.98969	0.06257
3491.56165	0.06295
3490.13361	0.06330
3488.70557	0.06365
3487.27753	0.06400
3485.84949	0.06437
3484.42145	0.06473
3482.99340	0.06506
3481.56536	0.06536
3480.13732	0.06565
3478.70928	0.06599
3477.28124	0.06635
3475.85320	0.06671
3474.42515	0.06703
3472.99711	0.06733
3471.56907	0.06760
3470.14103	0.06786
3468.71299	0.06816
3467.28495	0.06849
3465.85690	0.06887
3464.42886	0.06924
3463.00082	0.06958
3461.57278	0.06986
3460.14474	0.07013
3458.71670	0.07041
3457.28866	0.07071
3455.86061	0.07103
3454.43257	0.07136
3453.00453	0.07171
3451.57649	0.07204
3450.14845	0.07232
3448.72041	0.07256
3447.29236	0.07283
3445.86432	0.07317
3444.43628	0.07354
3443.00824	0.07389
3441.58020	0.07418
3440.15216	0.07445
3438.72411	0.07476
3437.29607	0.07515
3435.86803	0.07558
3434.43999	0.07601
3433.01195	0.07645
3431.58391	0.07692
3430.15587	0.07740
3428.72782	0.07789
3427.29978	0.07839
3425.87174	0.07890
3424.44370	0.07943
3423.01566	0.07996
3421.58762	0.08046
3420.15957	0.08094
3418.73153	0.08146
3417.30349	0.08200
3415.87545	0.08253
3414.44741	0.08304
3413.01937	0.08354
3411.59132	0.08406
3410.16328	0.08463
3408.73524	0.08522
3407.30720	0.08577
3405.87916	0.08629
3404.45112	0.08682
3403.02308	0.08736
3401.59503	0.08793
3400.16699	0.08849
3398.73895	0.08908
3397.31091	0.08968
3395.88287	0.09030
3394.45483	0.09095
3393.02678	0.09164
3391.59874	0.09232
3390.17070	0.09293
3388.74266	0.09349
3387.31462	0.09405
3385.88658	0.09468
3384.45853	0.09539
3383.03049	0.09612
3381.60245	0.09685
3380.17441	0.09759
3378.74637	0.09837
3377.31833	0.09918
3375.89029	0.10001
3374.46224	0.10089
3373.03420	0.10182
3371.60616	0.10279
3370.17812	0.10376
3368.75008	0.10469
3367.32204	0.10560
3365.89399	0.10653
3364.46595	0.10751
3363.03791	0.10857
3361.60987	0.10971
3360.18183	0.11084
3358.75379	0.11195
3357.32575	0.11310
3355.89770	0.11438
3354.46966	0.11581
3353.04162	0.11733
3351.61358	0.11886
3350.18554	0.12033
3348.75750	0.12175
3347.32945	0.12321
3345.90141	0.12483
3344.47337	0.12660
3343.04533	0.12840
3341.61729	0.13018
3340.18925	0.13194
3338.76120	0.13372
3337.33316	0.13548
3335.90512	0.13722
3334.47708	0.13898
3333.04904	0.14079
3331.62100	0.14270
3330.19296	0.14474
3328.76491	0.14692
3327.33687	0.14922
3325.90883	0.15149
3324.48079	0.15362
3323.05275	0.15562
3321.62471	0.15758
3320.19666	0.15958
3318.76862	0.16164
3317.34058	0.16379
3315.91254	0.16602
3314.48450	0.16836
3313.05646	0.17082
3311.62841	0.17342
3310.20037	0.17610
3308.77233	0.17880
3307.34429	0.18144
3305.91625	0.18398
3304.48821	0.18643
3303.06017	0.18880
3301.63212	0.19115
3300.20408	0.19364
3298.77604	0.19633
3297.34800	0.19917
3295.91996	0.20200
3294.49192	0.20471
3293.06387	0.20727
3291.63583	0.20960
3290.20779	0.21167
3288.77975	0.21354
3287.35171	0.21532
3285.92367	0.21704
3284.49562	0.21861
3283.06758	0.21997
3281.63954	0.22112
3280.21150	0.22207
3278.78346	0.22283
3277.35542	0.22335
3275.92738	0.22351
3274.49933	0.22318
3273.07129	0.22236
3271.64325	0.22110
3270.21521	0.21941
3268.78717	0.21733
3267.35913	0.21494
3265.93108	0.21237
3264.50304	0.20969
3263.07500	0.20694
3261.64696	0.20415
3260.21892	0.20139
3258.79088	0.19872
3257.36283	0.19606
3255.93479	0.19329
3254.50675	0.19037
3253.07871	0.18745
3251.65067	0.18479
3250.22263	0.18250
3248.79459	0.18048
3247.36654	0.17846
3245.93850	0.17625
3244.51046	0.17386
3243.08242	0.17156
3241.65438	0.16949
3240.22634	0.16763
3238.79829	0.16595
3237.37025	0.16443
3235.94221	0.16302
3234.51417	0.16156
3233.08613	0.15993
3231.65809	0.15812
3230.23004	0.15623
3228.80200	0.15440
3227.37396	0.15272
3225.94592	0.15116
3224.51788	0.14968
3223.08984	0.14826
3221.66180	0.14688
3220.23375	0.14547
3218.80571	0.14402
3217.37767	0.14253
3215.94963	0.14103
3214.52159	0.13949
3213.09355	0.13792
3211.66550	0.13634
3210.23746	0.13480
3208.80942	0.13327
3207.38138	0.13173
3205.95334	0.13018
3204.52530	0.12861
3203.09725	0.12705
3201.66921	0.12550
3200.24117	0.12394
3198.81313	0.12236
3197.38509	0.12079
3195.95705	0.11927
3194.52901	0.11784
3193.10096	0.11646
3191.67292	0.11509
3190.24488	0.11368
3188.81684	0.11221
3187.38880	0.11071
3185.96076	0.10921
3184.53271	0.10778
3183.10467	0.10643
3181.67663	0.10513
3180.24859	0.10381
3178.82055	0.10246
3177.39251	0.10108
3175.96446	0.09975
3174.53642	0.09849
3173.10838	0.09728
3171.68034	0.09611
3170.25230	0.09494
3168.82426	0.09379
3167.39622	0.09264
3165.96817	0.09147
3164.54013	0.09029
3163.11209	0.08915
3161.68405	0.08808
3160.25601	0.08708
3158.82797	0.08613
3157.39992	0.08525
3155.97188	0.08446
3154.54384	0.08370
3153.11580	0.08291
3151.68776	0.08204
3150.25972	0.08108
3148.83167	0.08010
3147.40363	0.07916
3145.97559	0.07829
3144.54755	0.07755
3143.11951	0.07698
3141.69147	0.07654
3140.26343	0.07614
3138.83538	0.07562
3137.40734	0.07498
3135.97930	0.07428
3134.55126	0.07368
3133.12322	0.07325
3131.69518	0.07300
3130.26713	0.07277
3128.83909	0.07246
3127.41105	0.07208
3125.98301	0.07182
3124.55497	0.07179
3123.12693	0.07195
3121.69888	0.07218
3120.27084	0.07239
3118.84280	0.07255
3117.41476	0.07269
3115.98672	0.07280
3114.55868	0.07288
3113.13064	0.07298
3111.70259	0.07318
3110.27455	0.07351
3108.84651	0.07386
3107.41847	0.07416
3105.99043	0.07444
3104.56239	0.07482
3103.13434	0.07540
3101.70630	0.07616
3100.27826	0.07691
3098.85022	0.07750
3097.42218	0.07798
3095.99414	0.07853
3094.56610	0.07931
3093.13805	0.08029
3091.71001	0.08133
3090.28197	0.08229
3088.85393	0.08310
3087.42589	0.08382
3085.99785	0.08452
3084.56980	0.08519
3083.14176	0.08577
3081.71372	0.08624
3080.28568	0.08662
3078.85764	0.08684
3077.42960	0.08682
3076.00155	0.08656
3074.57351	0.08618
3073.14547	0.08587
3071.71743	0.08571
3070.28939	0.08562
3068.86135	0.08544
3067.43331	0.08500
3066.00526	0.08425
3064.57722	0.08327
3063.14918	0.08218
3061.72114	0.08112
3060.29310	0.08020
3058.86506	0.07947
3057.43701	0.07879
3056.00897	0.07799
3054.58093	0.07705
3053.15289	0.07606
3051.72485	0.07504
3050.29681	0.07396
3048.86876	0.07287
3047.44072	0.07189
3046.01268	0.07106
3044.58464	0.07025
3043.15660	0.06933
3041.72856	0.06828
3040.30052	0.06710
3038.87247	0.06592
3037.44443	0.06492
3036.01639	0.06413
3034.58835	0.06342
3033.16031	0.06258
3031.73227	0.06158
3030.30422	0.06053
3028.87618	0.05958
3027.44814	0.05884
3026.02010	0.05826
3024.59206	0.05769
3023.16402	0.05707
3021.73597	0.05650
3020.30793	0.05607
3018.87989	0.05571
3017.45185	0.05530
3016.02381	0.05483
3014.59577	0.05433
3013.16773	0.05381
3011.73968	0.05323
3010.31164	0.05257
3008.88360	0.05190
3007.45556	0.05140
3006.02752	0.05118
3004.59948	0.05124
3003.17143	0.05146
3001.74339	0.05178
3000.31535	0.05221
2998.88731	0.05275
2997.45927	0.05332
2996.03123	0.05390
2994.60318	0.05455
2993.17514	0.05523
2991.74710	0.05586
2990.31906	0.05641
2988.89102	0.05698
2987.46298	0.05768
2986.03494	0.05844
2984.60689	0.05914
2983.17885	0.05966
2981.75081	0.05992
2980.32277	0.05986
2978.89473	0.05951
2977.46669	0.05899
2976.03864	0.05847
2974.61060	0.05798
2973.18256	0.05747
2971.75452	0.05696
2970.32648	0.05649
2968.89844	0.05612
2967.47039	0.05585
2966.04235	0.05565
2964.61431	0.05546
2963.18627	0.05521
2961.75823	0.05487
2960.33019	0.05448
2958.90215	0.05416
2957.47410	0.05399
2956.04606	0.05402
2954.61802	0.05423
2953.18998	0.05457
2951.76194	0.05497
2950.33390	0.05549
2948.90585	0.05624
2947.47781	0.05722
2946.04977	0.05830
2944.62173	0.05938
2943.19369	0.06037
2941.76565	0.06126
2940.33760	0.06207
2938.90956	0.06278
2937.48152	0.06336
2936.05348	0.06374
2934.62544	0.06395
2933.19740	0.06398
2931.76936	0.06382
2930.34131	0.06338
2928.91327	0.06260
2927.48523	0.06151
2926.05719	0.06022
2924.62915	0.05884
2923.20111	0.05746
2921.77306	0.05617
2920.34502	0.05503
2918.91698	0.05399
2917.48894	0.05294
2916.06090	0.05185
2914.63286	0.05073
2913.20481	0.04965
2911.77677	0.04860
2910.34873	0.04756
2908.92069	0.04655
2907.49265	0.04563
2906.06461	0.04488
2904.63657	0.04428
2903.20852	0.04374
2901.78048	0.04324
2900.35244	0.04282
2898.92440	0.04254
2897.49636	0.04238
2896.06832	0.04220
2894.64027	0.04194
2893.21223	0.04166
2891.78419	0.04145
2890.35615	0.04135
2888.92811	0.04134
2887.50007	0.04140
2886.07202	0.04153
2884.64398	0.04168
2883.21594	0.04180
2881.78790	0.04189
2880.35986	0.04193
2878.93182	0.04193
2877.50378	0.04188
2876.07573	0.04176
2874.64769	0.04146
2873.21965	0.04092
2871.79161	0.04012
2870.36357	0.03921
2868.93553	0.03835
2867.50748	0.03760
2866.07944	0.03695
2864.65140	0.03639
2863.22336	0.03594
2861.79532	0.03559
2860.36728	0.03526
2858.93924	0.03488
2857.51119	0.03444
2856.08315	0.03401
2854.65511	0.03364
2853.22707	0.03334
2851.79903	0.03312
2850.37099	0.03298
2848.94294	0.03284
2847.51490	0.03263
2846.08686	0.03234
2844.65882	0.03208
2843.23078	0.03194
2841.80274	0.03196
2840.37469	0.03206
2838.94665	0.03213
2837.51861	0.03210
2836.09057	0.03201
2834.66253	0.03189
2833.23449	0.03175
2831.80645	0.03158
2830.37840	0.03142
2828.95036	0.03128
2827.52232	0.03119
2826.09428	0.03116
2824.66624	0.03116
2823.23820	0.03116
2821.81015	0.03112
2820.38211	0.03104
2818.95407	0.03093
2817.52603	0.03082
2816.09799	0.03074
2814.66995	0.03069
2813.24190	0.03070
2811.81386	0.03074
2810.38582	0.03072
2808.95778	0.03057
2807.52974	0.03035
2806.10170	0.03013
2804.67366	0.02997
2803.24561	0.02987
2801.81757	0.02983
2800.38953	0.02983
2798.96149	0.02981
2797.53345	0.02967
2796.10541	0.02941
2794.67736	0.02912
2793.24932	0.02890
2791.82128	0.02875
2790.39324	0.02859
2788.96520	0.02835
2787.53716	0.02801
2786.10911	0.02762
2784.68107	0.02727
2783.25303	0.02696
2781.82499	0.02666
2780.39695	0.02638
2778.96891	0.02616
2777.54087	0.02603
2776.11282	0.02592
2774.68478	0.02571
2773.25674	0.02535
2771.82870	0.02492
2770.40066	0.02451
2768.97262	0.02418
2767.54457	0.02391
2766.11653	0.02366
2764.68849	0.02342
2763.26045	0.02319
2761.83241	0.02299
2760.40437	0.02279
2758.97632	0.02257
2757.54828	0.02233
2756.12024	0.02209
2754.69220	0.02190
2753.26416	0.02178
2751.83612	0.02175
2750.40808	0.02174
2748.98003	0.02165
2747.55199	0.02144
2746.12395	0.02114
2744.69591	0.02081
2743.26787	0.02052
2741.83983	0.02031
2740.41178	0.02016
2738.98374	0.02004
2737.55570	0.01990
2736.12766	0.01971
2734.69962	0.01950
2733.27158	0.01931
2731.84353	0.01917
2730.41549	0.01907
2728.98745	0.01903
2727.55941	0.01901
2726.13137	0.01895
2724.70333	0.01881
2723.27529	0.01861
2721.84724	0.01838
2720.41920	0.01817
2718.99116	0.01798
2717.56312	0.01785
2716.13508	0.01776
2714.70704	0.01769
2713.27899	0.01761
2711.85095	0.01753
2710.42291	0.01745
2708.99487	0.01736
2707.56683	0.01727
2706.13879	0.01716
2704.71074	0.01705
2703.28270	0.01695
2701.85466	0.01688
2700.42662	0.01684
2698.99858	0.01679
2697.57054	0.01673
2696.14250	0.01664
2694.71445	0.01655
2693.28641	0.01647
2691.85837	0.01639
2690.43033	0.01632
2689.00229	0.01625
2687.57425	0.01619
2686.14620	0.01613
2684.71816	0.01610
2683.29012	0.01611
2681.86208	0.01613
2680.43404	0.01612
2679.00600	0.01603
2677.57795	0.01585
2676.14991	0.01565
2674.72187	0.01547
2673.29383	0.01532
2671.86579	0.01517
2670.43775	0.01503
2669.00971	0.01489
2667.58166	0.01480
2666.15362	0.01473
2664.72558	0.01470
2663.29754	0.01469
2661.86950	0.01466
2660.44146	0.01460
2659.01341	0.01450
2657.58537	0.01439
2656.15733	0.01430
2654.72929	0.01424
2653.30125	0.01416
2651.87321	0.01405
2650.44516	0.01392
2649.01712	0.01381
2647.58908	0.01373
2646.16104	0.01366
2644.73300	0.01359
2643.30496	0.01353
2641.87692	0.01349
2640.44887	0.01348
2639.02083	0.01345
2637.59279	0.01338
2636.16475	0.01331
2634.73671	0.01324
2633.30867	0.01318
2631.88062	0.01311
2630.45258	0.01304
2629.02454	0.01298
2627.59650	0.01293
2626.16846	0.01284
2624.74042	0.01270
2623.31237	0.01254
2621.88433	0.01242
2620.45629	0.01235
2619.02825	0.01231
2617.60021	0.01226
2616.17217	0.01218
2614.74413	0.01209
2613.31608	0.01200
2611.88804	0.01192
2610.46000	0.01183
2609.03196	0.01172
2607.60392	0.01162
2606.17588	0.01153
2604.74783	0.01144
2603.31979	0.01135
2601.89175	0.01125
2600.46371	0.01113
2599.03567	0.01099
2597.60763	0.01084
2596.17959	0.01072
2594.75154	0.01062
2593.32350	0.01051
2591.89546	0.01037
2590.46742	0.01025
2589.03938	0.01014
2587.61134	0.01004
2586.18329	0.00994
2584.75525	0.00985
2583.32721	0.00978
2581.89917	0.00968
2580.47113	0.00955
2579.04309	0.00944
2577.61504	0.00937
2576.18700	0.00934
2574.75896	0.00928
2573.33092	0.00917
2571.90288	0.00902
2570.47484	0.00887
2569.04680	0.00872
2567.61875	0.00857
2566.19071	0.00843
2564.76267	0.00829
2563.33463	0.00819
2561.90659	0.00813
2560.47855	0.00808
2559.05050	0.00800
2557.62246	0.00789
2556.19442	0.00779
2554.76638	0.00771
2553.33834	0.00765
2551.91030	0.00759
2550.48225	0.00754
2549.05421	0.00751
2547.62617	0.00748
2546.19813	0.00748
2544.77009	0.00748
2543.34205	0.00747
2541.91401	0.00743
2540.48596	0.00735
2539.05792	0.00722
2537.62988	0.00706
2536.20184	0.00694
2534.77380	0.00690
2533.34576	0.00692
2531.91771	0.00692
2530.48967	0.00688
2529.06163	0.00684
2527.63359	0.00681
2526.20555	0.00679
2524.77751	0.00680
2523.34946	0.00684
2521.92142	0.00688
2520.49338	0.00688
2519.06534	0.00679
2517.63730	0.00667
2516.20926	0.00656
2514.78122	0.00648
2513.35317	0.00640
2511.92513	0.00634
2510.49709	0.00631
2509.06905	0.00631
2507.64101	0.00631
2506.21297	0.00629
2504.78492	0.00623
2503.35688	0.00614
2501.92884	0.00606
2500.50080	0.00602
2499.07276	0.00598
2497.64472	0.00593
2496.21667	0.00585
2494.78863	0.00578
2493.36059	0.00572
2491.93255	0.00568
2490.50451	0.00564
2489.07647	0.00561
2487.64843	0.00557
2486.22038	0.00551
2484.79234	0.00543
2483.36430	0.00536
2481.93626	0.00529
2480.50822	0.00523
2479.08018	0.00517
2477.65213	0.00512
2476.22409	0.00508
2474.79605	0.00504
2473.36801	0.00500
2471.93997	0.00493
2470.51193	0.00486
2469.08388	0.00482
2467.65584	0.00482
2466.22780	0.00481
2464.79976	0.00477
2463.37172	0.00472
2461.94368	0.00469
2460.51564	0.00468
2459.08759	0.00467
2457.65955	0.00462
2456.23151	0.00456
2454.80347	0.00452
2453.37543	0.00450
2451.94739	0.00449
2450.51934	0.00445
2449.09130	0.00440
2447.66326	0.00439
2446.23522	0.00441
2444.80718	0.00444
2443.37914	0.00445
2441.95109	0.00448
2440.52305	0.00453
2439.09501	0.00460
2437.66697	0.00462
2436.23893	0.00461
2434.81089	0.00459
2433.38285	0.00459
2431.95480	0.00461
2430.52676	0.00463
2429.09872	0.00465
2427.67068	0.00468
2426.24264	0.00472
2424.81460	0.00475
2423.38655	0.00474
2421.95851	0.00472
2420.53047	0.00470
2419.10243	0.00469
2417.67439	0.00466
2416.24635	0.00463
2414.81830	0.00464
2413.39026	0.00469
2411.96222	0.00474
2410.53418	0.00476
2409.10614	0.00475
2407.67810	0.00472
2406.25006	0.00473
2404.82201	0.00476
2403.39397	0.00478
2401.96593	0.00478
2400.53789	0.00478
2399.10985	0.00482
2397.68181	0.00488
2396.25376	0.00491
2394.82572	0.00490
2393.39768	0.00489
2391.96964	0.00492
2390.54160	0.00497
2389.11356	0.00499
2387.68551	0.00497
2386.25747	0.00488
2384.82943	0.00478
2383.40139	0.00466
2381.97335	0.00451
2380.54531	0.00428
2379.11727	0.00394
2377.68922	0.00347
2376.26118	0.00289
2374.83314	0.00221
2373.40510	0.00137
2371.97706	0.00040
2370.54902	-0.00059
2369.12097	-0.00160
2367.69293	-0.00284
2366.26489	-0.00437
2364.83685	-0.00595
2363.40881	-0.00728
2361.98077	-0.00818
2360.55273	-0.00841
2359.12468	-0.00782
2357.69664	-0.00653
2356.26860	-0.00483
2354.84056	-0.00293
2353.41252	-0.00099
2351.98448	0.00069
2350.55643	0.00182
2349.12839	0.00232
2347.70035	0.00219
2346.27231	0.00147
2344.84427	0.00039
2343.41623	-0.00054
2341.98818	-0.00091
2340.56014	-0.00075
2339.13210	-0.00038
2337.70406	-0.00005
2336.27602	0.00014
2334.84798	0.00026
2333.41994	0.00042
2331.99189	0.00069
2330.56385	0.00107
2329.13581	0.00146
2327.70777	0.00174
2326.27973	0.00192
2324.85169	0.00201
2323.42364	0.00208
2321.99560	0.00217
2320.56756	0.00237
2319.13952	0.00265
2317.71148	0.00295
2316.28344	0.00322
2314.85539	0.00339
2313.42735	0.00350
2311.99931	0.00357
2310.57127	0.00365
2309.14323	0.00375
2307.71519	0.00386
2306.28715	0.00396
2304.85910	0.00405
2303.43106	0.00411
2302.00302	0.00417
2300.57498	0.00422
2299.14694	0.00427
2297.71890	0.00434
2296.29085	0.00440
2294.86281	0.00445
2293.43477	0.00447
2292.00673	0.00443
2290.57869	0.00437
2289.15065	0.00434
2287.72260	0.00434
2286.29456	0.00433
2284.86652	0.00425
2283.43848	0.00409
2282.01044	0.00392
2280.58240	0.00377
2279.15436	0.00365
2277.72631	0.00352
2276.29827	0.00341
2274.87023	0.00335
2273.44219	0.00331
2272.01415	0.00325
2270.58611	0.00319
2269.15806	0.00318
2267.73002	0.00319
2266.30198	0.00316
2264.87394	0.00307
2263.44590	0.00299
2262.01786	0.00299
2260.58981	0.00305
2259.16177	0.00311
2257.73373	0.00315
2256.30569	0.00315
2254.87765	0.00309
2253.44961	0.00296
2252.02157	0.00283
2250.59352	0.00279
2249.16548	0.00283
2247.73744	0.00290
2246.30940	0.00296
2244.88136	0.00298
2243.45332	0.00290
2242.02527	0.00275
2240.59723	0.00259
2239.16919	0.00248
2237.74115	0.00248
2236.31311	0.00257
2234.88507	0.00268
2233.45702	0.00273
2232.02898	0.00274
2230.60094	0.00275
2229.17290	0.00277
2227.74486	0.00277
2226.31682	0.00273
2224.88878	0.00261
2223.46073	0.00245
2222.03269	0.00233
2220.60465	0.00227
2219.17661	0.00225
2217.74857	0.00221
2216.32053	0.00214
2214.89248	0.00211
2213.46444	0.00212
2212.03640	0.00213
2210.60836	0.00211
2209.18032	0.00207
2207.75228	0.00202
2206.32423	0.00196
2204.89619	0.00191
2203.46815	0.00190
2202.04011	0.00193
2200.61207	0.00197
2199.18403	0.00199
2197.75599	0.00198
2196.32794	0.00193
2194.89990	0.00190
2193.47186	0.00196
2192.04382	0.00204
2190.61578	0.00204
2189.18774	0.00194
2187.75969	0.00181
2186.33165	0.00165
2184.90361	0.00144
2183.47557	0.00121
2182.04753	0.00108
2180.61949	0.00108
2179.19144	0.00110
2177.76340	0.00103
2176.33536	0.00089
2174.90732	0.00077
2173.47928	0.00071
2172.05124	0.00068
2170.62320	0.00062
2169.19515	0.00049
2167.76711	0.00035
2166.33907	0.00028
2164.91103	0.00018
2163.48299	-0.00013
2162.05495	-0.00077
2160.62690	-0.00165
2159.19886	-0.00238
2157.77082	-0.00256
2156.34278	-0.00222
2154.91474	-0.00167
2153.48670	-0.00118
2152.05865	-0.00075
2150.63061	-0.00030
2149.20257	0.00019
2147.77453	0.00058
2146.34649	0.00081
2144.91845	0.00095
2143.49041	0.00108
2142.06236	0.00118
2140.63432	0.00123
2139.20628	0.00129
2137.77824	0.00143
2136.35020	0.00164
2134.92216	0.00185
2133.49411	0.00202
2132.06607	0.00217
2130.63803	0.00233
2129.20999	0.00249
2127.78195	0.00264
2126.35391	0.00280
2124.92586	0.00295
2123.49782	0.00305
2122.06978	0.00309
2120.64174	0.00309
2119.21370	0.00311
2117.78566	0.00317
2116.35762	0.00323
2114.92957	0.00323
2113.50153	0.00317
2112.07349	0.00311
2110.64545	0.00307
2109.21741	0.00311
2107.78937	0.00319
2106.36132	0.00326
2104.93328	0.00331
2103.50524	0.00332
2102.07720	0.00331
2100.64916	0.00329
2099.22112	0.00329
2097.79308	0.00327
2096.36503	0.00324
2094.93699	0.00321
2093.50895	0.00321
2092.08091	0.00320
2090.65287	0.00323
2089.22483	0.00332
2087.79678	0.00345
2086.36874	0.00357
2084.94070	0.00364
2083.51266	0.00361
2082.08462	0.00351
2080.65658	0.00338
2079.22853	0.00328
2077.80049	0.00320
2076.37245	0.00313
2074.94441	0.00307
2073.51637	0.00304
2072.08833	0.00300
2070.66029	0.00293
2069.23224	0.00280
2067.80420	0.00265
2066.37616	0.00252
2064.94812	0.00246
2063.52008	0.00246
2062.09204	0.00242
2060.66399	0.00234
2059.23595	0.00227
2057.80791	0.00225
2056.37987	0.00223
2054.95183	0.00218
2053.52379	0.00213
2052.09574	0.00210
2050.66770	0.00199
2049.23966	0.00172
2047.81162	0.00130
2046.38358	0.00091
2044.95554	0.00065
2043.52750	0.00045
2042.09945	0.00025
2040.67141	0.00008
2039.24337	-0.00005
2037.81533	-0.00024
2036.38729	-0.00053
2034.95925	-0.00089
2033.53120	-0.00120
2032.10316	-0.00131
2030.67512	-0.00123
2029.24708	-0.00107
2027.81904	-0.00093
2026.39100	-0.00084
2024.96295	-0.00075
2023.53491	-0.00060
2022.10687	-0.00045
2020.67883	-0.00040
2019.25079	-0.00048
2017.82275	-0.00058
2016.39471	-0.00058
2014.96666	-0.00044
2013.53862	-0.00020
2012.11058	0.00007
2010.68254	0.00027
2009.25450	0.00035
2007.82646	0.00034
2006.39841	0.00040
2004.97037	0.00060
2003.54233	0.00088
2002.11429	0.00110
2000.68625	0.00118
1999.25821	0.00115
1997.83016	0.00110
1996.40212	0.00109
1994.97408	0.00105
1993.54604	0.00096
1992.11800	0.00094
1990.68996	0.00109
1989.26192	0.00130
1987.83387	0.00142
1986.40583	0.00139
1984.97779	0.00129
1983.54975	0.00124
1982.12171	0.00126
1980.69367	0.00118
1979.26562	0.00085
1977.83758	0.00039
1976.40954	0.00010
1974.98150	0.00014
1973.55346	0.00039
1972.12542	0.00063
1970.69737	0.00076
1969.26933	0.00073
1967.84129	0.00057
1966.41325	0.00039
1964.98521	0.00041
1963.55717	0.00064
1962.12913	0.00094
1960.70108	0.00123
1959.27304	0.00150
1957.84500	0.00173
1956.41696	0.00187
1954.98892	0.00195
1953.56088	0.00205
1952.13283	0.00219
1950.70479	0.00232
1949.27675	0.00237
1947.84871	0.00234
1946.42067	0.00226
1944.99263	0.00215
1943.56458	0.00208
1942.13654	0.00212
1940.70850	0.00228
1939.28046	0.00246
1937.85242	0.00262
1936.42438	0.00271
1934.99634	0.00275
1933.56829	0.00279
1932.14025	0.00286
1930.71221	0.00293
1929.28417	0.00298
1927.85613	0.00299
1926.42809	0.00293
1925.00004	0.00284
1923.57200	0.00280
1922.14396	0.00290
1920.71592	0.00304
1919.28788	0.00310
1917.85984	0.00311
1916.43179	0.00313
1915.00375	0.00321
1913.57571	0.00328
1912.14767	0.00333
1910.71963	0.00341
1909.29159	0.00353
1907.86355	0.00366
1906.43550	0.00375
1905.00746	0.00381
1903.57942	0.00383
1902.15138	0.00384
1900.72334	0.00386
1899.29530	0.00390
1897.86725	0.00394
1896.43921	0.00399
1895.01117	0.00406
1893.58313	0.00411
1892.15509	0.00410
1890.72705	0.00407
1889.29900	0.00410
1887.87096	0.00422
1886.44292	0.00434
1885.01488	0.00438
1883.58684	0.00437
1882.15880	0.00437
1880.73076	0.00438
1879.30271	0.00441
1877.87467	0.00445
1876.44663	0.00450
1875.01859	0.00453
1873.59055	0.00451
1872.16251	0.00440
1870.73446	0.00419
1869.30642	0.00397
1867.87838	0.00393
1866.45034	0.00410
1865.02230	0.00430
1863.59426	0.00443
1862.16622	0.00447
1860.73817	0.00448
1859.31013	0.00453
1857.88209	0.00461
1856.45405	0.00469
1855.02601	0.00475
1853.59797	0.00478
1852.16992	0.00480
1850.74188	0.00481
1849.31384	0.00479
1847.88580	0.00474
1846.45776	0.00466
1845.02972	0.00463
1843.60167	0.00472
1842.17363	0.00495
1840.74559	0.00517
1839.31755	0.00532
1837.88951	0.00540
1836.46147	0.00546
1835.03343	0.00549
1833.60538	0.00552
1832.17734	0.00552
1830.74930	0.00551
1829.32126	0.00555
1827.89322	0.00564
1826.46518	0.00570
1825.03713	0.00577
1823.60909	0.00593
1822.18105	0.00611
1820.75301	0.00627
1819.32497	0.00640
1817.89693	0.00650
1816.46888	0.00657
1815.04084	0.00663
1813.61280	0.00670
1812.18476	0.00677
1810.75672	0.00687
1809.32868	0.00701
1807.90064	0.00716
1806.47259	0.00730
1805.04455	0.00740
1803.61651	0.00743
1802.18847	0.00745
1800.76043	0.00752
1799.33239	0.00765
1797.90434	0.00779
1796.47630	0.00789
1795.04826	0.00793
1793.62022	0.00791
1792.19218	0.00800
1790.76414	0.00823
1789.33609	0.00849
1787.90805	0.00870
1786.48001	0.00884
1785.05197	0.00895
1783.62393	0.00906
1782.19589	0.00916
1780.76785	0.00925
1779.33980	0.00939
1777.91176	0.00954
1776.48372	0.00961
1775.05568	0.00960
1773.62764	0.00956
1772.19960	0.00961
1770.77155	0.00984
1769.34351	0.01016
1767.91547	0.01044
1766.48743	0.01066
1765.05939	0.01080
1763.63135	0.01086
1762.20330	0.01095
1760.77526	0.01116
1759.34722	0.01138
1757.91918	0.01155
1756.49114	0.01171
1755.06310	0.01185
1753.63506	0.01191
1752.20701	0.01191
1750.77897	0.01194
1749.35093	0.01213
1747.92289	0.01253
1746.49485	0.01297
1745.06681	0.01330
1743.63876	0.01355
1742.21072	0.01375
1740.78268	0.01392
1739.35464	0.01414
1737.92660	0.01437
1736.49856	0.01447
1735.07051	0.01458
1733.64247	0.01509
1732.21443	0.01591
1730.78639	0.01666
1729.35835	0.01736
1727.93031	0.01802
1726.50227	0.01862
1725.07422	0.01928
1723.64618	0.01998
1722.21814	0.02061
1720.79010	0.02111
1719.36206	0.02164
1717.93402	0.02273
1716.50597	0.02518
1715.07793	0.02812
1713.64989	0.03065
1712.22185	0.03316
1710.79381	0.03597
1709.36577	0.03917
1707.93772	0.04330
1706.50968	0.04941
1705.08164	0.05702
1703.65360	0.06383
1702.22556	0.06947
1700.79752	0.07584
1699.36948	0.08345
1697.94143	0.09048
1696.51339	0.09712
1695.08535	0.10348
1693.65731	0.10838
1692.22927	0.11237
1690.80123	0.11692
1689.37318	0.12239
1687.94514	0.12758
1686.51710	0.13238
1685.08906	0.13987
1683.66102	0.15177
1682.23298	0.16206
1680.80493	0.16922
1679.37689	0.17548
1677.94885	0.18205
1676.52081	0.19034
1675.09277	0.20104
1673.66473	0.21177
1672.23669	0.22119
1670.80864	0.23290
1669.38060	0.24958
1667.95256	0.26516
1666.52452	0.27615
1665.09648	0.28670
1663.66844	0.30207
1662.24039	0.32351
1660.81235	0.34501
1659.38431	0.36268
1657.95627	0.37783
1656.52823	0.39191
1655.10019	0.40876
1653.67214	0.43988
1652.24410	0.47576
1650.81606	0.49073
1649.38802	0.49637
1647.95998	0.50389
1646.53194	0.51476
1645.10390	0.52201
1643.67585	0.52449
1642.24781	0.52513
1640.81977	0.52502
1639.39173	0.52431
1637.96369	0.52295
1636.53565	0.52074
1635.10760	0.51821
1633.67956	0.51682
1632.25152	0.51662
1630.82348	0.51734
1629.39544	0.51914
1627.96740	0.52199
1626.53935	0.52483
1625.11131	0.52626
1623.68327	0.52483
1622.25523	0.51965
1620.82719	0.51192
1619.39915	0.50123
1617.97111	0.48223
1616.54306	0.45213
1615.11502	0.42321
1613.68698	0.40204
1612.25894	0.38296
1610.83090	0.36167
1609.40286	0.33786
1607.97481	0.31418
1606.54677	0.29341
1605.11873	0.27586
1603.69069	0.26037
1602.26265	0.24653
1600.83461	0.23485
1599.40657	0.22550
1597.97852	0.21773
1596.55048	0.21058
1595.12244	0.20363
1593.69440	0.19714
1592.26636	0.19140
1590.83832	0.18641
1589.41027	0.18226
1587.98223	0.17912
1586.55419	0.17707
1585.12615	0.17604
1583.69811	0.17595
1582.27007	0.17665
1580.84202	0.17790
1579.41398	0.17957
1577.98594	0.18225
1576.55790	0.18744
1575.12986	0.19402
1573.70182	0.19895
1572.27378	0.20311
1570.84573	0.20932
1569.41769	0.21896
1567.98965	0.22918
1566.56161	0.23817
1565.13357	0.24736
1563.70553	0.25654
1562.27748	0.26418
1560.84944	0.27219
1559.42140	0.29082
1557.99336	0.32128
1556.56532	0.33890
1555.13728	0.34914
1553.70923	0.35922
1552.28119	0.36942
1550.85315	0.38015
1549.42511	0.39118
1547.99707	0.40079
1546.56903	0.40884
1545.14099	0.41732
1543.71294	0.42788
1542.28490	0.44144
1540.85686	0.46133
1539.42882	0.48030
1538.00078	0.48881
1536.57274	0.49288
1535.14469	0.49767
1533.71665	0.50525
1532.28861	0.51283
1530.86057	0.51698
1529.43253	0.51912
1528.00449	0.52116
1526.57644	0.52309
1525.14840	0.52431
1523.72036	0.52551
1522.29232	0.52786
1520.86428	0.53177
1519.43624	0.53636
1518.00820	0.54107
1516.58015	0.54511
1515.15211	0.54606
1513.72407	0.54252
1512.29603	0.53559
1510.86799	0.52718
1509.43995	0.51669
1508.01190	0.49456
1506.58386	0.45777
1505.15582	0.43451
1503.72778	0.42232
1502.29974	0.41127
1500.87170	0.39832
1499.44365	0.38218
1498.01561	0.36172
1496.58757	0.33965
1495.15953	0.32244
1493.73149	0.31084
1492.30345	0.30091
1490.87541	0.28802
1489.44736	0.27026
1488.01932	0.25353
1486.59128	0.24214
1485.16324	0.23383
1483.73520	0.22647
1482.30716	0.21911
1480.87911	0.21193
1479.45107	0.20587
1478.02303	0.20112
1476.59499	0.19711
1475.16695	0.19354
1473.73891	0.19062
1472.31086	0.18883
1470.88282	0.18820
1469.45478	0.18816
1468.02674	0.18839
1466.59870	0.18926
1465.17066	0.19148
1463.74262	0.19474
1462.31457	0.19786
1460.88653	0.20063
1459.45849	0.20422
1458.03045	0.21191
1456.60241	0.22404
1455.17437	0.23196
1453.74632	0.23534
1452.31828	0.23704
1450.89024	0.23767
1449.46220	0.23696
1448.03416	0.23457
1446.60612	0.23084
1445.17807	0.22650
1443.75003	0.22177
1442.32199	0.21672
1440.89395	0.21174
1439.46591	0.20684
1438.03787	0.20099
1436.60983	0.19352
1435.18178	0.18664
1433.75374	0.18199
1432.32570	0.17847
1430.89766	0.17520
1429.46962	0.17254
1428.04158	0.17109
1426.61353	0.17087
1425.18549	0.17189
1423.75745	0.17410
1422.32941	0.17717
1420.90137	0.18146
1419.47333	0.18881
1418.04528	0.19928
1416.61724	0.20891
1415.18920	0.21627
1413.76116	0.22233
1412.33312	0.22712
1410.90508	0.22979
1409.47704	0.22988
1408.04899	0.22775
1406.62095	0.22387
1405.19291	0.21871
1403.76487	0.21348
1402.33683	0.20929
1400.90879	0.20604
1399.48074	0.20338
1398.05270	0.20173
1396.62466	0.20186
1395.19662	0.20400
1393.76858	0.20751
1392.34054	0.21126
1390.91249	0.21478
1389.48445	0.21818
1388.05641	0.22127
1386.62837	0.22304
1385.20033	0.22283
1383.77229	0.22120
1382.34425	0.21891
1380.91620	0.21643
1379.48816	0.21406
1378.06012	0.21187
1376.63208	0.20962
1375.20404	0.20685
1373.77600	0.20348
1372.34795	0.19997
1370.91991	0.19639
1369.49187	0.19222
1368.06383	0.18744
1366.63579	0.18264
1365.20775	0.17796
1363.77971	0.17284
1362.35166	0.16735
1360.92362	0.16265
1359.49558	0.15928
1358.06754	0.15673
1356.63950	0.15467
1355.21146	0.15312
1353.78341	0.15227
1352.35537	0.15220
1350.92733	0.15296
1349.49929	0.15469
1348.07125	0.15745
1346.64321	0.16121
1345.21516	0.16589
1343.78712	0.17135
1342.35908	0.17790
1340.93104	0.18671
1339.50300	0.19848
1338.07496	0.21084
1336.64692	0.22029
1335.21887	0.22575
1333.79083	0.22736
1332.36279	0.22526
1330.93475	0.21994
1329.50671	0.21246
1328.07867	0.20417
1326.65062	0.19628
1325.22258	0.18946
1323.79454	0.18400
1322.36650	0.17985
1320.93846	0.17680
1319.51042	0.17461
1318.08237	0.17308
1316.65433	0.17201
1315.22629	0.17113
1313.79825	0.17031
1312.37021	0.16953
1310.94217	0.16881
1309.51413	0.16817
1308.08608	0.16762
1306.65804	0.16713
1305.23000	0.16668
1303.80196	0.16625
1302.37392	0.16585
1300.94588	0.16551
1299.51783	0.16527
1298.08979	0.16516
1296.66175	0.16520
1295.23371	0.16542
1293.80567	0.16583
1292.37763	0.16641
1290.94958	0.16723
1289.52154	0.16831
1288.09350	0.16972
1286.66546	0.17145
1285.23742	0.17351
1283.80938	0.17593
1282.38134	0.17876
1280.95329	0.18200
1279.52525	0.18558
1278.09721	0.18940
1276.66917	0.19333
1275.24113	0.19729
1273.81309	0.20126
1272.38504	0.20529
1270.95700	0.20937
1269.52896	0.21343
1268.10092	0.21736
1266.67288	0.22114
1265.24484	0.22469
1263.81679	0.22798
1262.38875	0.23101
1260.96071	0.23386
1259.53267	0.23667
1258.10463	0.23959
1256.67659	0.24283
1255.24855	0.24663
1253.82050	0.25116
1252.39246	0.25653
1250.96442	0.26280
1249.53638	0.27002
1248.10834	0.27814
1246.68030	0.28703
1245.25225	0.29649
1243.82421	0.30606
1242.39617	0.31509
1240.96813	0.32293
1239.54009	0.32905
1238.11205	0.33314
1236.68400	0.33515
1235.25596	0.33519
1233.82792	0.33345
1232.39988	0.33015
1230.97184	0.32544
1229.54380	0.31955
1228.11576	0.31267
1226.68771	0.30497
1225.25967	0.29663
1223.83163	0.28789
1222.40359	0.27893
1220.97555	0.26985
1219.54751	0.26069
1218.11946	0.25152
1216.69142	0.24246
1215.26338	0.23360
1213.83534	0.22500
1212.40730	0.21671
1210.97926	0.20884
1209.55121	0.20149
1208.12317	0.19463
1206.69513	0.18818
1205.26709	0.18211
1203.83905	0.17642
1202.41101	0.17112
1200.98297	0.16624
1199.55492	0.16180
1198.12688	0.15786
1196.69884	0.15448
1195.27080	0.15164
1193.84276	0.14931
1192.41472	0.14741
1190.98667	0.14593
1189.55863	0.14486
1188.13059	0.14421
1186.70255	0.14401
1185.27451	0.14433
1183.84647	0.14521
1182.41842	0.14678
1180.99038	0.14918
1179.56234	0.15244
1178.13430	0.15638
1176.70626	0.16066
1175.27822	0.16479
1173.85018	0.16823
1172.42213	0.17052
1170.99409	0.17142
1169.56605	0.17102
1168.13801	0.16959
1166.70997	0.16753
1165.28193	0.16519
1163.85388	0.16278
1162.42584	0.16036
1160.99780	0.15791
1159.56976	0.15539
1158.14172	0.15278
1156.71368	0.15011
1155.28563	0.14741
1153.85759	0.14470
1152.42955	0.14198
1151.00151	0.13927
1149.57347	0.13663
1148.14543	0.13413
1146.71739	0.13178
1145.28934	0.12958
1143.86130	0.12754
1142.43326	0.12568
1141.00522	0.12401
1139.57718	0.12251
1138.14914	0.12112
1136.72109	0.11984
1135.29305	0.11866
1133.86501	0.11761
1132.43697	0.11669
1131.00893	0.11589
1129.58089	0.11519
1128.15284	0.11457
1126.72480	0.11401
1125.29676	0.11350
1123.86872	0.11303
1122.44068	0.11263
1121.01264	0.11232
1119.58460	0.11216
1118.15655	0.11214
1116.72851	0.11228
1115.30047	0.11264
1113.87243	0.11333
1112.44439	0.11449
1111.01635	0.11615
1109.58830	0.11821
1108.16026	0.12039
1106.73222	0.12229
1105.30418	0.12359
1103.87614	0.12415
1102.44810	0.12406
1101.02006	0.12354
1099.59201	0.12284
1098.16397	0.12216
1096.73593	0.12162
1095.30789	0.12130
1093.87985	0.12120
1092.45181	0.12134
1091.02376	0.12182
1089.59572	0.12274
1088.16768	0.12418
1086.73964	0.12613
1085.31160	0.12853
1083.88356	0.13127
1082.45551	0.13420
1081.02747	0.13723
1079.59943	0.14031
1078.17139	0.14338
1076.74335	0.14641
1075.31531	0.14936
1073.88727	0.15219
1072.45922	0.15480
1071.03118	0.15711
1069.60314	0.15911
1068.17510	0.16096
1066.74706	0.16308
1065.31902	0.16606
1063.89097	0.17046
1062.46293	0.17642
1061.03489	0.18343
1059.60685	0.19026
1058.17881	0.19528
1056.75077	0.19708
1055.32272	0.19516
1053.89468	0.19016
1052.46664	0.18341
1051.03860	0.17618
1049.61056	0.16934
1048.18252	0.16328
1046.75448	0.15807
1045.32643	0.15363
1043.89839	0.14984
1042.47035	0.14663
1041.04231	0.14393
1039.61427	0.14173
1038.18623	0.14004
1036.75818	0.13890
1035.33014	0.13822
1033.90210	0.13780
1032.47406	0.13734
1031.04602	0.13654
1029.61798	0.13526
1028.18993	0.13355
1026.76189	0.13173
1025.33385	0.13042
1023.90581	0.13036
1022.47777	0.13214
1021.04973	0.13582
1019.62169	0.14062
1018.19364	0.14503
1016.76560	0.14749
1015.33756	0.14716
1013.90952	0.14432
1012.48148	0.13994
1011.05344	0.13503
1009.62539	0.13025
1008.19735	0.12590
1006.76931	0.12215
1005.34127	0.11902
1003.91323	0.11644
1002.48519	0.11424
1001.05714	0.11219
999.62910	0.11012
998.20106	0.10789
996.77302	0.10541
995.34498	0.10268
993.91694	0.09977
992.48890	0.09682
991.06085	0.09393
989.63281	0.09128
988.20477	0.08905
986.77673	0.08738
985.34869	0.08632
983.92065	0.08582
982.49260	0.08575
981.06456	0.08598
979.63652	0.08636
978.20848	0.08672
976.78044	0.08698
975.35240	0.08708
973.92435	0.08703
972.49631	0.08687
971.06827	0.08671
969.64023	0.08671
968.21219	0.08696
966.78415	0.08749
965.35611	0.08824
963.92806	0.08903
962.50002	0.08967
961.07198	0.09004
959.64394	0.09018
958.21590	0.09026
956.78786	0.09038
955.35981	0.09052
953.93177	0.09056
952.50373	0.09045
951.07569	0.09017
949.64765	0.08978
948.21961	0.08935
946.79156	0.08893
945.36352	0.08854
943.93548	0.08818
942.50744	0.08787
941.07940	0.08761
939.65136	0.08741
938.22332	0.08728
936.79527	0.08722
935.36723	0.08718
933.93919	0.08713
932.51115	0.08702
931.08311	0.08684
929.65507	0.08661
928.22702	0.08635
926.79898	0.08604
925.37094	0.08556
923.94290	0.08480
922.51486	0.08371
921.08682	0.08231
919.65877	0.08074
918.23073	0.07911
916.80269	0.07754
915.37465	0.07611
913.94661	0.07485
912.51857	0.07376
911.09053	0.07287
909.66248	0.07217
908.23444	0.07162
906.80640	0.07120
905.37836	0.07086
903.95032	0.07063
902.52228	0.07048
901.09423	0.07040
899.66619	0.07034
898.23815	0.07027
896.81011	0.07022
895.38207	0.07018
893.95403	0.07016
892.52598	0.07014
891.09794	0.07011
889.66990	0.07012
888.24186	0.07023
886.81382	0.07047
885.38578	0.07077
883.95774	0.07108
882.52969	0.07137
881.10165	0.07162
879.67361	0.07187
878.24557	0.07210
876.81753	0.07236
875.38949	0.07268
873.96144	0.07312
872.53340	0.07372
871.10536	0.07451
869.67732	0.07552
868.24928	0.07677
866.82124	0.07820
865.39320	0.07973
863.96515	0.08135
862.53711	0.08304
861.10907	0.08481
859.68103	0.08660
858.25299	0.08834
856.82495	0.08998
855.39690	0.09149
853.96886	0.09277
852.54082	0.09371
851.11278	0.09423
849.68474	0.09438
848.25670	0.09428
846.82865	0.09418
845.40061	0.09429
843.97257	0.09480
842.54453	0.09581
841.11649	0.09725
839.68845	0.09898
838.26041	0.10085
836.83236	0.10274
835.40432	0.10449
833.97628	0.10602
832.54824	0.10728
831.12020	0.10830
829.69216	0.10903
828.26411	0.10945
826.83607	0.10953
825.40803	0.10932
823.97999	0.10894
822.55195	0.10853
821.12391	0.10824
819.69586	0.10814
818.26782	0.10826
816.83978	0.10858
815.41174	0.10908
813.98370	0.10974
812.55566	0.11053
811.12762	0.11145
809.69957	0.11245
808.27153	0.11349
806.84349	0.11453
805.41545	0.11549
803.98741	0.11632
802.55937	0.11703
801.13132	0.11762
799.70328	0.11814
798.27524	0.11865
796.84720	0.11921
795.41916	0.11988
793.99112	0.12068
792.56307	0.12162
791.13503	0.12270
789.70699	0.12395
788.27895	0.12538
786.85091	0.12695
785.42287	0.12864
783.99483	0.13042
782.56678	0.13227
781.13874	0.13418
779.71070	0.13617
778.28266	0.13822
776.85462	0.14029
775.42658	0.14231
773.99853	0.14423
772.57049	0.14602
771.14245	0.14767
769.71441	0.14922
768.28637	0.15066
766.85833	0.15203
765.43028	0.15332
764.00224	0.15461
762.57420	0.15597
761.14616	0.15742
759.71812	0.15893
758.29008	0.16047
756.86204	0.16209
755.43399	0.16382
754.00595	0.16567
752.57791	0.16764
751.14987	0.16969
749.72183	0.17180
748.29379	0.17397
746.86574	0.17619
745.43770	0.17845
744.00966	0.18078
742.58162	0.18315
741.15358	0.18559
739.72554	0.18811
738.29749	0.19067
736.86945	0.19330
735.44141	0.19610
734.01337	0.19909
732.58533	0.20216
731.15729	0.20513
729.72925	0.20787
728.30120	0.21031
726.87316	0.21250
725.44512	0.21445
724.01708	0.21625
722.58904	0.21801
721.16100	0.21988
719.73295	0.22184
718.30491	0.22384
716.87687	0.22589
715.44883	0.22806
714.02079	0.23043
712.59275	0.23301
711.16470	0.23575
709.73666	0.23866
708.30862	0.24177
706.88058	0.24506
705.45254	0.24849
704.02450	0.25198
702.59646	0.25541
701.16841	0.25873
699.74037	0.26193
698.31233	0.26502
696.88429	0.26803
695.45625	0.27101
694.02821	0.27400
692.60016	0.27699
691.17212	0.28000
689.74408	0.28310
688.31604	0.28626
686.88800	0.28936
685.45996	0.29234
684.03191	0.29519
682.60387	0.29788
681.17583	0.30038
679.74779	0.30265
678.31975	0.30466
676.89171	0.30641
675.46367	0.30793
674.03562	0.30923
672.60758	0.31022
671.17954	0.31102
669.75150	0.31217
668.32346	0.31436
666.89542	0.31675
665.46737	0.31832
664.03933	0.31954
662.61129	0.32093
661.18325	0.32255
659.75521	0.32422
658.32717	0.32588
656.89912	0.32751
655.47108	0.32907
654.04304	0.33054
652.61500	0.33197
651.18696	0.33336
649.75892	0.33467
648.33088	0.33588
646.90283	0.33704
645.47479	0.33824
644.04675	0.33944
642.61871	0.34046
641.19067	0.34118
639.76263	0.34159
638.33458	0.34184
636.90654	0.34208
635.47850	0.34233
634.05046	0.34254
632.62242	0.34260
631.19438	0.34247
629.76633	0.34213
628.33829	0.34169
626.91025	0.34125
625.48221	0.34085
624.05417	0.34045
622.62613	0.33997
621.19809	0.33938
619.77004	0.33873
618.34200	0.33809
616.91396	0.33754
615.48592	0.33718
614.05788	0.33701
612.62984	0.33689
611.20179	0.33658
609.77375	0.33601
608.34571	0.33528
606.91767	0.33456
605.48963	0.33391
604.06159	0.33324
602.63355	0.33251
601.20550	0.33172
599.77746	0.33092
598.34942	0.33022
596.92138	0.32969
595.49334	0.32940
594.06530	0.32934
592.63725	0.32945
591.20921	0.32962
589.78117	0.32976
588.35313	0.32991
586.92509	0.33020
585.49705	0.33076
584.06900	0.33161
582.64096	0.33280
581.21292	0.33450
579.78488	0.33683
578.35684	0.33978
576.92880	0.34319
575.50076	0.34671
574.07271	0.34989
572.64467	0.35253
571.21663	0.35482
569.78859	0.35715
568.36055	0.36005
566.93251	0.36392
565.50446	0.36877
564.07642	0.37414
562.64838	0.37944
561.22034	0.38430
559.79230	0.38883
558.36426	0.39345
556.93621	0.39860
555.50817	0.40445
554.08013	0.41085
552.65209	0.41742
551.22405	0.42371
549.79601	0.42930
548.36797	0.43383
546.93992	0.43714
545.51188	0.43924
544.08384	0.44018
542.65580	0.44009
541.22776	0.43917
539.79972	0.43761
538.37167	0.43562
536.94363	0.43339
535.51559	0.43105
534.08755	0.42863
532.65951	0.42616
531.23147	0.42378
529.80342	0.42162
528.37538	0.41961
526.94734	0.41756
525.51930	0.41542
524.09126	0.41346
522.66322	0.41180
521.23518	0.41032
519.80713	0.40888
518.37909	0.40762
516.95105	0.40673
515.52301	0.40613
514.09497	0.40563
512.66693	0.40523
511.23888	0.40510
509.81084	0.40529
508.38280	0.40573
506.95476	0.40628
505.52672	0.40665
504.09868	0.40655
502.67063	0.40599
501.24259	0.40523
499.81455	0.40448
498.38651	0.40363
496.95847	0.40270
495.53043	0.40192
494.10239	0.40152
492.67434	0.40153
491.24630	0.40170
489.81826	0.40167
488.39022	0.40118
486.96218	0.40017
485.53414	0.39873
484.10609	0.39700
482.67805	0.39513
481.25001	0.39334
479.82197	0.39188
478.39393	0.39082
476.96589	0.38999
475.53784	0.38905
474.10980	0.38781
472.68176	0.38630
471.25372	0.38479
469.82568	0.38339
468.39764	0.38194
466.96960	0.38033
465.54155	0.37864
464.11351	0.37693
462.68547	0.37526
461.25743	0.37390
459.82939	0.37310
458.40135	0.37281
456.97330	0.37260
455.54526	0.37212
454.11722	0.37147
452.68918	0.37087
451.26114	0.37045
449.83310	0.37008
448.40505	0.36950
446.97701	0.36857
445.54897	0.36726
444.12093	0.36547
442.69289	0.36321
441.26485	0.36091
439.83681	0.35893
438.40876	0.35716
436.98072	0.35557
435.55268	0.35463
434.12464	0.35460
432.69660	0.35512
431.26856	0.35578
429.84051	0.35638
428.41247	0.35693
426.98443	0.35748
425.55639	0.35800
424.12835	0.35819
422.70031	0.35769
421.27226	0.35651
419.84422	0.35531
418.41618	0.35566
416.98814	0.35769
415.56010	0.36000
414.13206	0.36230
412.70402	0.36472
411.27597	0.36705
409.84793	0.36873
408.41989	0.36931
406.99185	0.36850
405.56381	0.36635
404.13577	0.36325
402.70772	0.35986
401.27968	0.35655
399.85164	0.35318
