3998.51641	0.00380
3997.08837	0.00375
3995.66033	0.00372
3994.23229	0.00372
3992.80425	0.00378
3991.37620	0.00386
3989.94816	0.00389
3988.52012	0.00384
3987.09208	0.00376
3985.66404	0.00368
3984.23600	0.00363
3982.80796	0.00361
3981.37991	0.00363
3979.95187	0.00367
3978.52383	0.00371
3977.09579	0.00373
3975.66775	0.00374
3974.23971	0.00374
3972.81166	0.00371
3971.38362	0.00365
3969.95558	0.00356
3968.52754	0.00350
3967.09950	0.00350
3965.67146	0.00355
3964.24341	0.00359
3962.81537	0.00363
3961.38733	0.00366
3959.95929	0.00369
3958.53125	0.00368
3957.10321	0.00365
3955.67517	0.00363
3954.24712	0.00364
3952.81908	0.00365
3951.39104	0.00363
3949.96300	0.00358
3948.53496	0.00351
3947.10692	0.00346
3945.67887	0.00344
3944.25083	0.00345
3942.82279	0.00346
3941.39475	0.00344
3939.96671	0.00344
3938.53867	0.00345
3937.11062	0.00347
3935.68258	0.00348
3934.25454	0.00347
3932.82650	0.00347
3931.39846	0.00346
3929.97042	0.00346
3928.54238	0.00345
3927.11433	0.00342
3925.68629	0.00338
3924.25825	0.00336
3922.83021	0.00336
3921.40217	0.00336
3919.97413	0.00335
3918.54608	0.00333
3917.11804	0.00331
3915.69000	0.00332
3914.26196	0.00335
3912.83392	0.00336
3911.40588	0.00335
3909.97783	0.00331
3908.54979	0.00329
3907.12175	0.00329
3905.69371	0.00327
3904.26567	0.00320
3902.83763	0.00313
3901.40959	0.00310
3899.98154	0.00308
3898.55350	0.00308
3897.12546	0.00310
3895.69742	0.00315
3894.26938	0.00321
3892.84134	0.00326
3891.41329	0.00324
3889.98525	0.00314
3888.55721	0.00302
3887.12917	0.00292
3885.70113	0.00291
3884.27309	0.00300
3882.84504	0.00309
3881.41700	0.00309
3879.98896	0.00302
3878.56092	0.00297
3877.13288	0.00297
3875.70484	0.00296
3874.27680	0.00292
3872.84875	0.00283
3871.42071	0.00270
3869.99267	0.00264
3868.56463	0.00269
3867.13659	0.00280
3865.70855	0.00286
3864.28050	0.00288
3862.85246	0.00289
3861.42442	0.00292
3859.99638	0.00292
3858.56834	0.00288
3857.14030	0.00279
3855.71226	0.00263
3854.28421	0.00246
3852.85617	0.00248
3851.42813	0.00261
3850.00009	0.00271
3848.57205	0.00279
3847.14401	0.00286
3845.71596	0.00292
3844.28792	0.00292
3842.85988	0.00283
3841.43184	0.00268
3840.00380	0.00257
3838.57576	0.00253
3837.14771	0.00254
3835.71967	0.00260
3834.29163	0.00272
3832.86359	0.00284
3831.43555	0.00290
3830.00751	0.00286
3828.57947	0.00277
3827.15142	0.00266
3825.72338	0.00259
3824.29534	0.00256
3822.86730	0.00258
3821.43926	0.00262
3820.01122	0.00267
3818.58317	0.00268
3817.15513	0.00267
3815.72709	0.00267
3814.29905	0.00271
3812.87101	0.00274
3811.44297	0.00277
3810.01492	0.00279
3808.58688	0.00279
3807.15884	0.00273
3805.73080	0.00263
3804.30276	0.00255
3802.87472	0.00249
3801.44668	0.00248
3800.01863	0.00254
3798.59059	0.00259
3797.16255	0.00261
3795.73451	0.00264
3794.30647	0.00267
3792.87843	0.00269
3791.45038	0.00269
3790.02234	0.00268
3788.59430	0.00268
3787.16626	0.00267
3785.73822	0.00267
3784.31018	0.00267
3782.88213	0.00270
3781.45409	0.00272
3780.02605	0.00272
3778.59801	0.00270
3777.16997	0.00269
3775.74193	0.00268
3774.31389	0.00266
3772.88584	0.00263
3771.45780	0.00258
3770.02976	0.00252
3768.60172	0.00249
3767.17368	0.00251
3765.74564	0.00257
3764.31759	0.00265
3762.88955	0.00273
3761.46151	0.00277
3760.03347	0.00279
3758.60543	0.00277
3757.17739	0.00271
3755.74934	0.00260
3754.32130	0.00246
3752.89326	0.00233
3751.46522	0.00229
3750.03718	0.00235
3748.60914	0.00238
3747.18110	0.00238
3745.75305	0.00242
3744.32501	0.00255
3742.89697	0.00269
3741.46893	0.00276
3740.04089	0.00280
3738.61285	0.00282
3737.18480	0.00278
3735.75676	0.00267
3734.32872	0.00258
3732.90068	0.00263
3731.47264	0.00277
3730.04460	0.00292
3728.61655	0.00304
3727.18851	0.00315
3725.76047	0.00323
3724.33243	0.00322
3722.90439	0.00311
3721.47635	0.00300
3720.04831	0.00298
3718.62026	0.00303
3717.19222	0.00306
3715.76418	0.00305
3714.33614	0.00299
3712.90810	0.00292
3711.48006	0.00296
3710.05201	0.00314
3708.62397	0.00331
3707.19593	0.00340
3705.76789	0.00343
3704.33985	0.00340
3702.91181	0.00335
3701.48376	0.00336
3700.05572	0.00347
3698.62768	0.00360
3697.19964	0.00369
3695.77160	0.00371
3694.34356	0.00371
3692.91552	0.00368
3691.48747	0.00360
3690.05943	0.00356
3688.63139	0.00374
3687.20335	0.00403
3685.77531	0.00423
3684.34727	0.00432
3682.91922	0.00438
3681.49118	0.00442
3680.06314	0.00447
3678.63510	0.00448
3677.20706	0.00452
3675.77902	0.00475
3674.35097	0.00513
3672.92293	0.00535
3671.49489	0.00544
3670.06685	0.00560
3668.63881	0.00591
3667.21077	0.00622
3665.78273	0.00648
3664.35468	0.00671
3662.92664	0.00692
3661.49860	0.00713
3660.07056	0.00734
3658.64252	0.00756
3657.21448	0.00783
3655.78643	0.00815
3654.35839	0.00842
3652.93035	0.00859
3651.50231	0.00868
3650.07427	0.00881
3648.64623	0.00926
3647.21818	0.00985
3645.79014	0.01029
3644.36210	0.01062
3642.93406	0.01094
3641.50602	0.01128
3640.07798	0.01164
3638.64994	0.01201
3637.22189	0.01237
3635.79385	0.01273
3634.36581	0.01308
3632.93777	0.01339
3631.50973	0.01367
3630.08169	0.01402
3628.65364	0.01455
3627.22560	0.01503
3625.79756	0.01537
3624.36952	0.01565
3622.94148	0.01590
3621.51344	0.01615
3620.08539	0.01649
3618.65735	0.01693
3617.22931	0.01735
3615.80127	0.01770
3614.37323	0.01804
3612.94519	0.01842
3611.51715	0.01886
3610.08910	0.01936
3608.66106	0.01991
3607.23302	0.02041
3605.80498	0.02080
3604.37694	0.02116
3602.94890	0.02156
3601.52085	0.02199
3600.09281	0.02239
3598.66477	0.02275
3597.23673	0.02317
3595.80869	0.02366
3594.38065	0.02418
3592.95261	0.02463
3591.52456	0.02498
3590.09652	0.02534
3588.66848	0.02585
3587.24044	0.02650
3585.81240	0.02710
3584.38436	0.02756
3582.95631	0.02796
3581.52827	0.02839
3580.10023	0.02886
3578.67219	0.02936
3577.24415	0.02986
3575.81611	0.03038
3574.38806	0.03090
3572.96002	0.03139
3571.53198	0.03180
3570.10394	0.03215
3568.67590	0.03255
3567.24786	0.03319
3565.81982	0.03395
3564.39177	0.03456
3562.96373	0.03504
3561.53569	0.03549
3560.10765	0.03598
3558.67961	0.03649
3557.25157	0.03699
3555.82352	0.03746
3554.39548	0.03793
3552.96744	0.03843
3551.53940	0.03897
3550.11136	0.03952
3548.68332	0.04005
3547.25527	0.04058
3545.82723	0.04113
3544.39919	0.04168
3542.97115	0.04223
3541.54311	0.04276
3540.11507	0.04326
3538.68703	0.04374
3537.25898	0.04422
3535.83094	0.04472
3534.40290	0.04523
3532.97486	0.04573
3531.54682	0.04624
3530.11878	0.04677
3528.69073	0.04728
3527.26269	0.04774
3525.83465	0.04816
3524.40661	0.04858
3522.97857	0.04904
3521.55053	0.04952
3520.12248	0.04999
3518.69444	0.05043
3517.26640	0.05083
3515.83836	0.05121
3514.41032	0.05160
3512.98228	0.05201
3511.55424	0.05244
3510.12619	0.05286
3508.69815	0.05326
3507.27011	0.05361
3505.84207	0.05393
3504.41403	0.05426
3502.98599	0.05464
3501.55794	0.05502
3500.12990	0.05538
3498.70186	0.05571
3497.27382	0.05605
3495.84578	0.05638
3494.41774	0.05669
3492.98969	0.05698
3491.56165	0.05728
3490.13361	0.05762
3488.70557	0.05796
3487.27753	0.05832
3485.84949	0.05868
3484.42145	0.05905
3482.99340	0.05938
3481.56536	0.05963
3480.13732	0.05985
3478.70928	0.06010
3477.28124	0.06041
3475.85320	0.06075
3474.42515	0.06107
3472.99711	0.06135
3471.56907	0.06160
3470.14103	0.06183
3468.71299	0.06206
3467.28495	0.06231
3465.85690	0.06259
3464.42886	0.06290
3463.00082	0.06321
3461.57278	0.06351
3460.14474	0.06380
3458.71670	0.06410
3457.28866	0.06440
3455.86061	0.06470
3454.43257	0.06499
3453.00453	0.06529
3451.57649	0.06557
3450.14845	0.06582
3448.72041	0.06605
3447.29236	0.06632
3445.86432	0.06664
3444.43628	0.06699
3443.00824	0.06734
3441.58020	0.06766
3440.15216	0.06794
3438.72411	0.06823
3437.29607	0.06857
3435.86803	0.06894
3434.43999	0.06932
3433.01195	0.06971
3431.58391	0.07013
3430.15587	0.07056
3428.72782	0.07098
3427.29978	0.07140
3425.87174	0.07185
3424.44370	0.07234
3423.01566	0.07284
3421.58762	0.07332
3420.15957	0.07380
3418.73153	0.07431
3417.30349	0.07482
3415.87545	0.07528
3414.44741	0.07569
3413.01937	0.07610
3411.59132	0.07654
3410.16328	0.07705
3408.73524	0.07760
3407.30720	0.07813
3405.87916	0.07864
3404.45112	0.07915
3403.02308	0.07967
3401.59503	0.08019
3400.16699	0.08072
3398.73895	0.08127
3397.31091	0.08185
3395.88287	0.08244
3394.45483	0.08300
3393.02678	0.08356
3391.59874	0.08411
3390.17070	0.08462
3388.74266	0.08513
3387.31462	0.08569
3385.88658	0.08632
3384.45853	0.08699
3383.03049	0.08765
3381.60245	0.08830
3380.17441	0.08898
3378.74637	0.08968
3377.31833	0.09040
3375.89029	0.09114
3374.46224	0.09189
3373.03420	0.09267
3371.60616	0.09348
3370.17812	0.09433
3368.75008	0.09520
3367.32204	0.09608
3365.89399	0.09693
3364.46595	0.09778
3363.03791	0.09868
3361.60987	0.09964
3360.18183	0.10062
3358.75379	0.10161
3357.32575	0.10264
3355.89770	0.10376
3354.46966	0.10499
3353.04162	0.10631
3351.61358	0.10767
3350.18554	0.10898
3348.75750	0.11021
3347.32945	0.11144
3345.90141	0.11276
3344.47337	0.11420
3343.04533	0.11573
3341.61729	0.11728
3340.18925	0.11885
3338.76120	0.12041
3337.33316	0.12193
3335.90512	0.12341
3334.47708	0.12489
3333.04904	0.12641
3331.62100	0.12799
3330.19296	0.12968
3328.76491	0.13151
3327.33687	0.13343
3325.90883	0.13531
3324.48079	0.13704
3323.05275	0.13865
3321.62471	0.14027
3320.19666	0.14200
3318.76862	0.14384
3317.34058	0.14571
3315.91254	0.14758
3314.48450	0.14949
3313.05646	0.15153
3311.62841	0.15371
3310.20037	0.15599
3308.77233	0.15830
3307.34429	0.16054
3305.91625	0.16263
3304.48821	0.16454
3303.06017	0.16637
3301.63212	0.16825
3300.20408	0.17032
3298.77604	0.17261
3297.34800	0.17499
3295.91996	0.17731
3294.49192	0.17948
3293.06387	0.18148
3291.63583	0.18328
3290.20779	0.18489
3288.77975	0.18638
3287.35171	0.18783
3285.92367	0.18922
3284.49562	0.19048
3283.06758	0.19156
3281.63954	0.19242
3280.21150	0.19305
3278.78346	0.19350
3277.35542	0.19378
3275.92738	0.19385
3274.49933	0.19361
3273.07129	0.19299
3271.64325	0.19197
3270.21521	0.19054
3268.78717	0.18874
3267.35913	0.18668
3265.93108	0.18451
3264.50304	0.18228
3263.07500	0.18002
3261.64696	0.17776
3260.21892	0.17557
3258.79088	0.17345
3257.36283	0.17134
3255.93479	0.16911
3254.50675	0.16670
3253.07871	0.16426
3251.65067	0.16202
3250.22263	0.16009
3248.79459	0.15841
3247.36654	0.15677
3245.93850	0.15495
3244.51046	0.15298
3243.08242	0.15105
3241.65438	0.14929
3240.22634	0.14770
3238.79829	0.14626
3237.37025	0.14497
3235.94221	0.14380
3234.51417	0.14260
3233.08613	0.14120
3231.65809	0.13958
3230.23004	0.13788
3228.80200	0.13629
3227.37396	0.13485
3225.94592	0.13351
3224.51788	0.13222
3223.08984	0.13097
3221.66180	0.12978
3220.23375	0.12861
3218.80571	0.12740
3217.37767	0.12614
3215.94963	0.12487
3214.52159	0.12358
3213.09355	0.12224
3211.66550	0.12089
3210.23746	0.11956
3208.80942	0.11828
3207.38138	0.11701
3205.95334	0.11573
3204.52530	0.11442
3203.09725	0.11310
3201.66921	0.11177
3200.24117	0.11043
3198.81313	0.10909
3197.38509	0.10775
3195.95705	0.10642
3194.52901	0.10513
3193.10096	0.10389
3191.67292	0.10268
3190.24488	0.10146
3188.81684	0.10018
3187.38880	0.09885
3185.96076	0.09754
3184.53271	0.09633
3183.10467	0.09521
3181.67663	0.09411
3180.24859	0.09296
3178.82055	0.09176
3177.39251	0.09055
3175.96446	0.08940
3174.53642	0.08830
3173.10838	0.08723
3171.68034	0.08617
3170.25230	0.08514
3168.82426	0.08413
3167.39622	0.08314
3165.96817	0.08213
3164.54013	0.08111
3163.11209	0.08010
3161.68405	0.07913
3160.25601	0.07821
3158.82797	0.07734
3157.39992	0.07655
3155.97188	0.07585
3154.54384	0.07521
3153.11580	0.07454
3151.68776	0.07376
3150.25972	0.07289
3148.83167	0.07200
3147.40363	0.07118
3145.97559	0.07045
3144.54755	0.06983
3143.11951	0.06934
3141.69147	0.06894
3140.26343	0.06857
3138.83538	0.06811
3137.40734	0.06753
3135.97930	0.06689
3134.55126	0.06635
3133.12322	0.06599
3131.69518	0.06577
3130.26713	0.06558
3128.83909	0.06533
3127.41105	0.06505
3125.98301	0.06484
3124.55497	0.06480
3123.12693	0.06495
3121.69888	0.06518
3120.27084	0.06537
3118.84280	0.06550
3117.41476	0.06558
3115.98672	0.06565
3114.55868	0.06572
3113.13064	0.06580
3111.70259	0.06596
3110.27455	0.06622
3108.84651	0.06651
3107.41847	0.06674
3105.99043	0.06695
3104.56239	0.06727
3103.13434	0.06781
3101.70630	0.06851
3100.27826	0.06916
3098.85022	0.06963
3097.42218	0.06998
3095.99414	0.07042
3094.56610	0.07107
3093.13805	0.07192
3091.71001	0.07283
3090.28197	0.07366
3088.85393	0.07433
3087.42589	0.07491
3085.99785	0.07549
3084.56980	0.07606
3083.14176	0.07655
3081.71372	0.07694
3080.28568	0.07726
3078.85764	0.07746
3077.42960	0.07746
3076.00155	0.07724
3074.57351	0.07690
3073.14547	0.07662
3071.71743	0.07646
3070.28939	0.07639
3068.86135	0.07628
3067.43331	0.07597
3066.00526	0.07538
3064.57722	0.07456
3063.14918	0.07362
3061.72114	0.07269
3060.29310	0.07191
3058.86506	0.07134
3057.43701	0.07083
3056.00897	0.07021
3054.58093	0.06941
3053.15289	0.06853
3051.72485	0.06763
3050.29681	0.06670
3048.86876	0.06577
3047.44072	0.06491
3046.01268	0.06416
3044.58464	0.06344
3043.15660	0.06265
3041.72856	0.06172
3040.30052	0.06067
3038.87247	0.05962
3037.44443	0.05873
3036.01639	0.05802
3034.58835	0.05735
3033.16031	0.05656
3031.73227	0.05565
3030.30422	0.05471
3028.87618	0.05387
3027.44814	0.05321
3026.02010	0.05272
3024.59206	0.05227
3023.16402	0.05177
3021.73597	0.05129
3020.30793	0.05087
3018.87989	0.05048
3017.45185	0.05008
3016.02381	0.04966
3014.59577	0.04925
3013.16773	0.04882
3011.73968	0.04833
3010.31164	0.04776
3008.88360	0.04718
3007.45556	0.04675
3006.02752	0.04658
3004.59948	0.04662
3003.17143	0.04677
3001.74339	0.04700
3000.31535	0.04736
2998.88731	0.04786
2997.45927	0.04839
2996.03123	0.04893
2994.60318	0.04952
2993.17514	0.05013
2991.74710	0.05067
2990.31906	0.05111
2988.89102	0.05157
2987.46298	0.05214
2986.03494	0.05280
2984.60689	0.05344
2983.17885	0.05395
2981.75081	0.05423
2980.32277	0.05422
2978.89473	0.05392
2977.46669	0.05347
2976.03864	0.05300
2974.61060	0.05257
2973.18256	0.05214
2971.75452	0.05168
2970.32648	0.05126
2968.89844	0.05090
2967.47039	0.05063
2966.04235	0.05044
2964.61431	0.05027
2963.18627	0.05006
2961.75823	0.04978
2960.33019	0.04947
2958.90215	0.04923
2957.47410	0.04911
2956.04606	0.04914
2954.61802	0.04934
2953.18998	0.04967
2951.76194	0.05009
2950.33390	0.05062
2948.90585	0.05131
2947.47781	0.05219
2946.04977	0.05316
2944.62173	0.05412
2943.19369	0.05497
2941.76565	0.05572
2940.33760	0.05642
2938.90956	0.05705
2937.48152	0.05756
2936.05348	0.05788
2934.62544	0.05803
2933.19740	0.05805
2931.76936	0.05791
2930.34131	0.05750
2928.91327	0.05676
2927.48523	0.05575
2926.05719	0.05461
2924.62915	0.05345
2923.20111	0.05233
2921.77306	0.05128
2920.34502	0.05035
2918.91698	0.04950
2917.48894	0.04864
2916.06090	0.04771
2914.63286	0.04673
2913.20481	0.04572
2911.77677	0.04473
2910.34873	0.04373
2908.92069	0.04277
2907.49265	0.04194
2906.06461	0.04130
2904.63657	0.04078
2903.20852	0.04029
2901.78048	0.03981
2900.35244	0.03940
2898.92440	0.03913
2897.49636	0.03896
2896.06832	0.03879
2894.64027	0.03855
2893.21223	0.03829
2891.78419	0.03809
2890.35615	0.03798
2888.92811	0.03796
2887.50007	0.03801
2886.07202	0.03812
2884.64398	0.03826
2883.21594	0.03838
2881.78790	0.03845
2880.35986	0.03846
2878.93182	0.03843
2877.50378	0.03838
2876.07573	0.03829
2874.64769	0.03807
2873.21965	0.03763
2871.79161	0.03694
2870.36357	0.03614
2868.93553	0.03536
2867.50748	0.03469
2866.07944	0.03411
2864.65140	0.03359
2863.22336	0.03316
2861.79532	0.03283
2860.36728	0.03256
2858.93924	0.03228
2857.51119	0.03195
2856.08315	0.03160
2854.65511	0.03129
2853.22707	0.03106
2851.79903	0.03090
2850.37099	0.03079
2848.94294	0.03066
2847.51490	0.03044
2846.08686	0.03015
2844.65882	0.02989
2843.23078	0.02974
2841.80274	0.02971
2840.37469	0.02973
2838.94665	0.02971
2837.51861	0.02963
2836.09057	0.02951
2834.66253	0.02939
2833.23449	0.02925
2831.80645	0.02908
2830.37840	0.02893
2828.95036	0.02880
2827.52232	0.02873
2826.09428	0.02868
2824.66624	0.02865
2823.23820	0.02862
2821.81015	0.02858
2820.38211	0.02852
2818.95407	0.02844
2817.52603	0.02833
2816.09799	0.02822
2814.66995	0.02813
2813.24190	0.02810
2811.81386	0.02812
2810.38582	0.02809
2808.95778	0.02796
2807.52974	0.02776
2806.10170	0.02756
2804.67366	0.02741
2803.24561	0.02731
2801.81757	0.02726
2800.38953	0.02727
2798.96149	0.02727
2797.53345	0.02716
2796.10541	0.02693
2794.67736	0.02666
2793.24932	0.02646
2791.82128	0.02632
2790.39324	0.02618
2788.96520	0.02596
2787.53716	0.02563
2786.10911	0.02527
2784.68107	0.02494
2783.25303	0.02466
2781.82499	0.02441
2780.39695	0.02417
2778.96891	0.02399
2777.54087	0.02387
2776.11282	0.02376
2774.68478	0.02357
2773.25674	0.02326
2771.82870	0.02288
2770.40066	0.02252
2768.97262	0.02222
2767.54457	0.02196
2766.11653	0.02170
2764.68849	0.02146
2763.26045	0.02127
2761.83241	0.02111
2760.40437	0.02098
2758.97632	0.02084
2757.54828	0.02067
2756.12024	0.02046
2754.69220	0.02027
2753.26416	0.02015
2751.83612	0.02011
2750.40808	0.02010
2748.98003	0.02003
2747.55199	0.01985
2746.12395	0.01958
2744.69591	0.01928
2743.26787	0.01902
2741.83983	0.01883
2740.41178	0.01872
2738.98374	0.01862
2737.55570	0.01849
2736.12766	0.01831
2734.69962	0.01813
2733.27158	0.01795
2731.84353	0.01780
2730.41549	0.01770
2728.98745	0.01766
2727.55941	0.01765
2726.13137	0.01759
2724.70333	0.01747
2723.27529	0.01731
2721.84724	0.01713
2720.41920	0.01695
2718.99116	0.01679
2717.56312	0.01667
2716.13508	0.01656
2714.70704	0.01645
2713.27899	0.01635
2711.85095	0.01630
2710.42291	0.01625
2708.99487	0.01619
2707.56683	0.01609
2706.13879	0.01598
2704.71074	0.01589
2703.28270	0.01583
2701.85466	0.01581
2700.42662	0.01579
2698.99858	0.01575
2697.57054	0.01567
2696.14250	0.01558
2694.71445	0.01550
2693.28641	0.01542
2691.85837	0.01534
2690.43033	0.01526
2689.00229	0.01517
2687.57425	0.01509
2686.14620	0.01502
2684.71816	0.01499
2683.29012	0.01501
2681.86208	0.01506
2680.43404	0.01506
2679.00600	0.01498
2677.57795	0.01483
2676.14991	0.01466
2674.72187	0.01451
2673.29383	0.01437
2671.86579	0.01422
2670.43775	0.01406
2669.00971	0.01392
2667.58166	0.01384
2666.15362	0.01381
2664.72558	0.01380
2663.29754	0.01380
2661.86950	0.01378
2660.44146	0.01374
2659.01341	0.01366
2657.58537	0.01355
2656.15733	0.01346
2654.72929	0.01338
2653.30125	0.01332
2651.87321	0.01323
2650.44516	0.01314
2649.01712	0.01306
2647.58908	0.01299
2646.16104	0.01294
2644.73300	0.01289
2643.30496	0.01285
2641.87692	0.01282
2640.44887	0.01280
2639.02083	0.01277
2637.59279	0.01272
2636.16475	0.01265
2634.73671	0.01259
2633.30867	0.01253
2631.88062	0.01245
2630.45258	0.01237
2629.02454	0.01230
2627.59650	0.01224
2626.16846	0.01219
2624.74042	0.01212
2623.31237	0.01203
2621.88433	0.01192
2620.45629	0.01180
2619.02825	0.01171
2617.60021	0.01164
2616.17217	0.01159
2614.74413	0.01153
2613.31608	0.01147
2611.88804	0.01142
2610.46000	0.01135
2609.03196	0.01128
2607.60392	0.01119
2606.17588	0.01111
2604.74783	0.01101
2603.31979	0.01089
2601.89175	0.01075
2600.46371	0.01061
2599.03567	0.01047
2597.60763	0.01033
2596.17959	0.01022
2594.75154	0.01013
2593.32350	0.01004
2591.89546	0.00994
2590.46742	0.00983
2589.03938	0.00974
2587.61134	0.00967
2586.18329	0.00960
2584.75525	0.00953
2583.32721	0.00947
2581.89917	0.00940
2580.47113	0.00928
2579.04309	0.00916
2577.61504	0.00909
2576.18700	0.00906
2574.75896	0.00898
2573.33092	0.00882
2571.90288	0.00865
2570.47484	0.00850
2569.04680	0.00840
2567.61875	0.00832
2566.19071	0.00825
2564.76267	0.00817
2563.33463	0.00810
2561.90659	0.00803
2560.47855	0.00795
2559.05050	0.00785
2557.62246	0.00775
2556.19442	0.00765
2554.76638	0.00755
2553.33834	0.00746
2551.91030	0.00738
2550.48225	0.00732
2549.05421	0.00727
2547.62617	0.00722
2546.19813	0.00723
2544.77009	0.00726
2543.34205	0.00727
2541.91401	0.00724
2540.48596	0.00718
2539.05792	0.00711
2537.62988	0.00702
2536.20184	0.00695
2534.77380	0.00691
2533.34576	0.00686
2531.91771	0.00678
2530.48967	0.00668
2529.06163	0.00660
2527.63359	0.00654
2526.20555	0.00650
2524.77751	0.00650
2523.34946	0.00657
2521.92142	0.00665
2520.49338	0.00667
2519.06534	0.00660
2517.63730	0.00648
2516.20926	0.00638
2514.78122	0.00630
2513.35317	0.00626
2511.92513	0.00624
2510.49709	0.00624
2509.06905	0.00622
2507.64101	0.00620
2506.21297	0.00614
2504.78492	0.00607
2503.35688	0.00601
2501.92884	0.00597
2500.50080	0.00594
2499.07276	0.00588
2497.64472	0.00581
2496.21667	0.00572
2494.78863	0.00566
2493.36059	0.00563
2491.93255	0.00562
2490.50451	0.00559
2489.07647	0.00555
2487.64843	0.00548
2486.22038	0.00540
2484.79234	0.00532
2483.36430	0.00524
2481.93626	0.00517
2480.50822	0.00512
2479.08018	0.00509
2477.65213	0.00507
2476.22409	0.00503
2474.79605	0.00499
2473.36801	0.00497
2471.93997	0.00493
2470.51193	0.00487
2469.08388	0.00481
2467.65584	0.00475
2466.22780	0.00467
2464.79976	0.00460
2463.37172	0.00455
2461.94368	0.00455
2460.51564	0.00457
2459.08759	0.00457
2457.65955	0.00457
2456.23151	0.00456
2454.80347	0.00456
2453.37543	0.00455
2451.94739	0.00452
2450.51934	0.00450
2449.09130	0.00451
2447.66326	0.00456
2446.23522	0.00460
2444.80718	0.00462
2443.37914	0.00461
2441.95109	0.00460
2440.52305	0.00460
2439.09501	0.00458
2437.66697	0.00457
2436.23893	0.00457
2434.81089	0.00459
2433.38285	0.00463
2431.95480	0.00467
2430.52676	0.00470
2429.09872	0.00474
2427.67068	0.00478
2426.24264	0.00482
2424.81460	0.00485
2423.38655	0.00485
2421.95851	0.00485
2420.53047	0.00485
2419.10243	0.00485
2417.67439	0.00481
2416.24635	0.00475
2414.81830	0.00471
2413.39026	0.00474
2411.96222	0.00481
2410.53418	0.00484
2409.10614	0.00480
2407.67810	0.00474
2406.25006	0.00470
2404.82201	0.00470
2403.39397	0.00470
2401.96593	0.00468
2400.53789	0.00467
2399.10985	0.00469
2397.68181	0.00469
2396.25376	0.00467
2394.82572	0.00464
2393.39768	0.00463
2391.96964	0.00467
2390.54160	0.00474
2389.11356	0.00481
2387.68551	0.00487
2386.25747	0.00492
2384.82943	0.00497
2383.40139	0.00502
2381.97335	0.00508
2380.54531	0.00513
2379.11727	0.00515
2377.68922	0.00517
2376.26118	0.00521
2374.83314	0.00520
2373.40510	0.00503
2371.97706	0.00465
2370.54902	0.00418
2369.12097	0.00368
2367.69293	0.00308
2366.26489	0.00226
2364.83685	0.00132
2363.40881	0.00049
2361.98077	-0.00000
2360.55273	-0.00003
2359.12468	0.00039
2357.69664	0.00109
2356.26860	0.00195
2354.84056	0.00297
2353.41252	0.00403
2351.98448	0.00487
2350.55643	0.00532
2349.12839	0.00539
2347.70035	0.00517
2346.27231	0.00474
2344.84427	0.00424
2343.41623	0.00389
2341.98818	0.00378
2340.56014	0.00388
2339.13210	0.00411
2337.70406	0.00433
2336.27602	0.00448
2334.84798	0.00459
2333.41994	0.00474
2331.99189	0.00493
2330.56385	0.00511
2329.13581	0.00527
2327.70777	0.00542
2326.27973	0.00556
2324.85169	0.00566
2323.42364	0.00562
2321.99560	0.00543
2320.56756	0.00521
2319.13952	0.00514
2317.71148	0.00522
2316.28344	0.00533
2314.85539	0.00536
2313.42735	0.00531
2311.99931	0.00526
2310.57127	0.00521
2309.14323	0.00516
2307.71519	0.00511
2306.28715	0.00506
2304.85910	0.00503
2303.43106	0.00502
2302.00302	0.00504
2300.57498	0.00505
2299.14694	0.00502
2297.71890	0.00495
2296.29085	0.00489
2294.86281	0.00487
2293.43477	0.00486
2292.00673	0.00483
2290.57869	0.00478
2289.15065	0.00472
2287.72260	0.00464
2286.29456	0.00455
2284.86652	0.00446
2283.43848	0.00437
2282.01044	0.00428
2280.58240	0.00417
2279.15436	0.00405
2277.72631	0.00390
2276.29827	0.00379
2274.87023	0.00374
2273.44219	0.00373
2272.01415	0.00373
2270.58611	0.00371
2269.15806	0.00371
2267.73002	0.00370
2266.30198	0.00366
2264.87394	0.00359
2263.44590	0.00354
2262.01786	0.00352
2260.58981	0.00353
2259.16177	0.00356
2257.73373	0.00355
2256.30569	0.00348
2254.87765	0.00335
2253.44961	0.00325
2252.02157	0.00323
2250.59352	0.00326
2249.16548	0.00328
2247.73744	0.00325
2246.30940	0.00319
2244.88136	0.00310
2243.45332	0.00301
2242.02527	0.00293
2240.59723	0.00285
2239.16919	0.00279
2237.74115	0.00276
2236.31311	0.00276
2234.88507	0.00275
2233.45702	0.00274
2232.02898	0.00276
2230.60094	0.00282
2229.17290	0.00289
2227.74486	0.00290
2226.31682	0.00286
2224.88878	0.00278
2223.46073	0.00271
2222.03269	0.00264
2220.60465	0.00257
2219.17661	0.00248
2217.74857	0.00238
2216.32053	0.00228
2214.89248	0.00221
2213.46444	0.00216
2212.03640	0.00217
2210.60836	0.00221
2209.18032	0.00222
2207.75228	0.00220
2206.32423	0.00220
2204.89619	0.00225
2203.46815	0.00230
2202.04011	0.00229
2200.61207	0.00225
2199.18403	0.00223
2197.75599	0.00225
2196.32794	0.00225
2194.89990	0.00224
2193.47186	0.00227
2192.04382	0.00232
2190.61578	0.00231
2189.18774	0.00219
2187.75969	0.00199
2186.33165	0.00176
2184.90361	0.00155
2183.47557	0.00138
2182.04753	0.00127
2180.61949	0.00122
2179.19144	0.00115
2177.76340	0.00099
2176.33536	0.00084
2174.90732	0.00081
2173.47928	0.00087
2172.05124	0.00093
2170.62320	0.00093
2169.19515	0.00085
2167.76711	0.00071
2166.33907	0.00054
2164.91103	0.00035
2163.48299	0.00011
2162.05495	-0.00032
2160.62690	-0.00096
2159.19886	-0.00155
2157.77082	-0.00175
2156.34278	-0.00151
2154.91474	-0.00104
2153.48670	-0.00055
2152.05865	-0.00013
2150.63061	0.00021
2149.20257	0.00048
2147.77453	0.00065
2146.34649	0.00069
2144.91845	0.00069
2143.49041	0.00079
2142.06236	0.00098
2140.63432	0.00118
2139.20628	0.00135
2137.77824	0.00149
2136.35020	0.00165
2134.92216	0.00181
2133.49411	0.00195
2132.06607	0.00212
2130.63803	0.00237
2129.20999	0.00263
2127.78195	0.00283
2126.35391	0.00299
2124.92586	0.00313
2123.49782	0.00325
2122.06978	0.00328
2120.64174	0.00323
2119.21370	0.00316
2117.78566	0.00317
2116.35762	0.00325
2114.92957	0.00332
2113.50153	0.00330
2112.07349	0.00323
2110.64545	0.00317
2109.21741	0.00318
2107.78937	0.00323
2106.36132	0.00324
2104.93328	0.00318
2103.50524	0.00312
2102.07720	0.00312
2100.64916	0.00317
2099.22112	0.00319
2097.79308	0.00317
2096.36503	0.00316
2094.93699	0.00321
2093.50895	0.00331
2092.08091	0.00340
2090.65287	0.00345
2089.22483	0.00345
2087.79678	0.00341
2086.36874	0.00340
2084.94070	0.00341
2083.51266	0.00343
2082.08462	0.00345
2080.65658	0.00348
2079.22853	0.00350
2077.80049	0.00345
2076.37245	0.00330
2074.94441	0.00313
2073.51637	0.00301
2072.08833	0.00297
2070.66029	0.00294
2069.23224	0.00290
2067.80420	0.00283
2066.37616	0.00275
2064.94812	0.00265
2063.52008	0.00252
2062.09204	0.00238
2060.66399	0.00228
2059.23595	0.00234
2057.80791	0.00249
2056.37987	0.00260
2054.95183	0.00264
2053.52379	0.00271
2052.09574	0.00275
2050.66770	0.00265
2049.23966	0.00233
2047.81162	0.00192
2046.38358	0.00159
2044.95554	0.00137
2043.52750	0.00114
2042.09945	0.00086
2040.67141	0.00055
2039.24337	0.00025
2037.81533	0.00002
2036.38729	-0.00012
2034.95925	-0.00024
2033.53120	-0.00040
2032.10316	-0.00058
2030.67512	-0.00076
2029.24708	-0.00096
2027.81904	-0.00110
2026.39100	-0.00109
2024.96295	-0.00086
2023.53491	-0.00051
2022.10687	-0.00019
2020.67883	-0.00005
2019.25079	-0.00005
2017.82275	-0.00012
2016.39471	-0.00022
2014.96666	-0.00027
2013.53862	-0.00020
2012.11058	-0.00002
2010.68254	0.00013
2009.25450	0.00015
2007.82646	0.00012
2006.39841	0.00017
2004.97037	0.00037
2003.54233	0.00063
2002.11429	0.00084
2000.68625	0.00097
1999.25821	0.00104
1997.83016	0.00113
1996.40212	0.00118
1994.97408	0.00113
1993.54604	0.00101
1992.11800	0.00098
1990.68996	0.00112
1989.26192	0.00135
1987.83387	0.00156
1986.40583	0.00173
1984.97779	0.00184
1983.54975	0.00187
1982.12171	0.00182
1980.69367	0.00165
1979.26562	0.00134
1977.83758	0.00095
1976.40954	0.00068
1974.98150	0.00066
1973.55346	0.00081
1972.12542	0.00102
1970.69737	0.00118
1969.26933	0.00125
1967.84129	0.00119
1966.41325	0.00111
1964.98521	0.00112
1963.55717	0.00124
1962.12913	0.00137
1960.70108	0.00148
1959.27304	0.00165
1957.84500	0.00182
1956.41696	0.00193
1954.98892	0.00196
1953.56088	0.00202
1952.13283	0.00212
1950.70479	0.00223
1949.27675	0.00229
1947.84871	0.00230
1946.42067	0.00226
1944.99263	0.00220
1943.56458	0.00218
1942.13654	0.00224
1940.70850	0.00238
1939.28046	0.00254
1937.85242	0.00266
1936.42438	0.00276
1934.99634	0.00282
1933.56829	0.00289
1932.14025	0.00296
1930.71221	0.00304
1929.28417	0.00308
1927.85613	0.00308
1926.42809	0.00305
1925.00004	0.00300
1923.57200	0.00299
1922.14396	0.00303
1920.71592	0.00308
1919.28788	0.00308
1917.85984	0.00310
1916.43179	0.00321
1915.00375	0.00335
1913.57571	0.00344
1912.14767	0.00349
1910.71963	0.00355
1909.29159	0.00366
1907.86355	0.00380
1906.43550	0.00390
1905.00746	0.00395
1903.57942	0.00398
1902.15138	0.00402
1900.72334	0.00406
1899.29530	0.00409
1897.86725	0.00409
1896.43921	0.00410
1895.01117	0.00416
1893.58313	0.00423
1892.15509	0.00426
1890.72705	0.00423
1889.29900	0.00419
1887.87096	0.00419
1886.44292	0.00424
1885.01488	0.00428
1883.58684	0.00433
1882.15880	0.00438
1880.73076	0.00442
1879.30271	0.00444
1877.87467	0.00448
1876.44663	0.00453
1875.01859	0.00453
1873.59055	0.00447
1872.16251	0.00434
1870.73446	0.00417
1869.30642	0.00406
1867.87838	0.00414
1866.45034	0.00435
1865.02230	0.00454
1863.59426	0.00464
1862.16622	0.00466
1860.73817	0.00465
1859.31013	0.00467
1857.88209	0.00470
1856.45405	0.00471
1855.02601	0.00473
1853.59797	0.00475
1852.16992	0.00480
1850.74188	0.00487
1849.31384	0.00494
1847.88580	0.00498
1846.45776	0.00497
1845.02972	0.00491
1843.60167	0.00491
1842.17363	0.00498
1840.74559	0.00507
1839.31755	0.00514
1837.88951	0.00522
1836.46147	0.00534
1835.03343	0.00545
1833.60538	0.00556
1832.17734	0.00563
1830.74930	0.00568
1829.32126	0.00572
1827.89322	0.00578
1826.46518	0.00583
1825.03713	0.00590
1823.60909	0.00601
1822.18105	0.00613
1820.75301	0.00621
1819.32497	0.00624
1817.89693	0.00628
1816.46888	0.00635
1815.04084	0.00645
1813.61280	0.00655
1812.18476	0.00664
1810.75672	0.00674
1809.32868	0.00686
1807.90064	0.00698
1806.47259	0.00710
1805.04455	0.00721
1803.61651	0.00729
1802.18847	0.00735
1800.76043	0.00740
1799.33239	0.00745
1797.90434	0.00752
1796.47630	0.00765
1795.04826	0.00776
1793.62022	0.00784
1792.19218	0.00794
1790.76414	0.00811
1789.33609	0.00827
1787.90805	0.00842
1786.48001	0.00853
1785.05197	0.00862
1783.62393	0.00871
1782.19589	0.00881
1780.76785	0.00892
1779.33980	0.00903
1777.91176	0.00911
1776.48372	0.00912
1775.05568	0.00913
1773.62764	0.00921
1772.19960	0.00939
1770.77155	0.00964
1769.34351	0.00987
1767.91547	0.01006
1766.48743	0.01019
1765.05939	0.01029
1763.63135	0.01033
1762.20330	0.01040
1760.77526	0.01056
1759.34722	0.01073
1757.91918	0.01088
1756.49114	0.01105
1755.06310	0.01121
1753.63506	0.01132
1752.20701	0.01144
1750.77897	0.01164
1749.35093	0.01190
1747.92289	0.01220
1746.49485	0.01247
1745.06681	0.01268
1743.63876	0.01288
1742.21072	0.01308
1740.78268	0.01331
1739.35464	0.01360
1737.92660	0.01385
1736.49856	0.01399
1735.07051	0.01417
1733.64247	0.01467
1732.21443	0.01529
1730.78639	0.01582
1729.35835	0.01637
1727.93031	0.01692
1726.50227	0.01744
1725.07422	0.01800
1723.64618	0.01862
1722.21814	0.01919
1720.79010	0.01973
1719.36206	0.02038
1717.93402	0.02161
1716.50597	0.02394
1715.07793	0.02652
1713.64989	0.02872
1712.22185	0.03093
1710.79381	0.03345
1709.36577	0.03634
1707.93772	0.04013
1706.50968	0.04580
1705.08164	0.05288
1703.65360	0.05920
1702.22556	0.06448
1700.79752	0.07046
1699.36948	0.07750
1697.94143	0.08387
1696.51339	0.08983
1695.08535	0.09553
1693.65731	0.09990
1692.22927	0.10349
1690.80123	0.10766
1689.37318	0.11271
1687.94514	0.11752
1686.51710	0.12201
1685.08906	0.12901
1683.66102	0.13986
1682.23298	0.14900
1680.80493	0.15526
1679.37689	0.16077
1677.94885	0.16657
1676.52081	0.17388
1675.09277	0.18326
1673.66473	0.19262
1672.23669	0.20085
1670.80864	0.21113
1669.38060	0.22566
1667.95256	0.23900
1666.52452	0.24821
1665.09648	0.25698
1663.66844	0.26974
1662.24039	0.28739
1660.81235	0.30482
1659.38431	0.31888
1657.95627	0.33076
1656.52823	0.34169
1655.10019	0.35486
1653.67214	0.37916
1652.24410	0.40645
1650.81606	0.41730
1649.38802	0.42126
1647.95998	0.42705
1646.53194	0.43570
1645.10390	0.44146
1643.67585	0.44346
1642.24781	0.44413
1640.81977	0.44436
1639.39173	0.44418
1637.96369	0.44361
1636.53565	0.44256
1635.10760	0.44109
1633.67956	0.43993
1632.25152	0.43949
1630.82348	0.43978
1629.39544	0.44096
1627.96740	0.44296
1626.53935	0.44492
1625.11131	0.44585
1623.68327	0.44459
1622.25523	0.44035
1620.82719	0.43405
1619.39915	0.42550
1617.97111	0.41053
1616.54306	0.38670
1615.11502	0.36341
1613.68698	0.34609
1612.25894	0.33035
1610.83090	0.31274
1609.40286	0.29291
1607.97481	0.27303
1606.54677	0.25548
1605.11873	0.24059
1603.69069	0.22742
1602.26265	0.21566
1600.83461	0.20574
1599.40657	0.19780
1597.97852	0.19119
1596.55048	0.18510
1595.12244	0.17917
1593.69440	0.17361
1592.26636	0.16868
1590.83832	0.16439
1589.41027	0.16083
1587.98223	0.15818
1586.55419	0.15648
1585.12615	0.15571
1583.69811	0.15576
1582.27007	0.15650
1580.84202	0.15770
1579.41398	0.15929
1577.98594	0.16187
1576.55790	0.16677
1575.12986	0.17278
1573.70182	0.17711
1572.27378	0.18071
1570.84573	0.18616
1569.41769	0.19465
1567.98965	0.20356
1566.56161	0.21125
1565.13357	0.21903
1563.70553	0.22678
1562.27748	0.23330
1560.84944	0.24031
1559.42140	0.25644
1557.99336	0.28189
1556.56532	0.29600
1555.13728	0.30413
1553.70923	0.31225
1552.28119	0.32053
1550.85315	0.32929
1549.42511	0.33835
1547.99707	0.34625
1546.56903	0.35282
1545.14099	0.35965
1543.71294	0.36817
1542.28490	0.37936
1540.85686	0.39588
1539.42882	0.41095
1538.00078	0.41717
1536.57274	0.41997
1535.14469	0.42356
1533.71665	0.42957
1532.28861	0.43571
1530.86057	0.43914
1529.43253	0.44103
1528.00449	0.44297
1526.57644	0.44495
1525.14840	0.44640
1523.72036	0.44795
1522.29232	0.45070
1520.86428	0.45453
1519.43624	0.45832
1518.00820	0.46207
1516.58015	0.46551
1515.15211	0.46671
1513.72407	0.46440
1512.29603	0.45945
1510.86799	0.45337
1509.43995	0.44580
1508.01190	0.42934
1506.58386	0.40055
1505.15582	0.38133
1503.72778	0.37086
1502.29974	0.36142
1500.87170	0.35050
1499.44365	0.33697
1498.01561	0.31987
1496.58757	0.30127
1495.15953	0.28657
1493.73149	0.27652
1492.30345	0.26785
1490.87541	0.25666
1489.44736	0.24128
1488.01932	0.22672
1486.59128	0.21670
1485.16324	0.20934
1483.73520	0.20282
1482.30716	0.19631
1480.87911	0.18996
1479.45107	0.18459
1478.02303	0.18040
1476.59499	0.17688
1475.16695	0.17380
1473.73891	0.17129
1472.31086	0.16965
1470.88282	0.16894
1469.45478	0.16875
1468.02674	0.16885
1466.59870	0.16956
1465.17066	0.17145
1463.74262	0.17423
1462.31457	0.17688
1460.88653	0.17927
1459.45849	0.18246
1458.03045	0.18928
1456.60241	0.19970
1455.17437	0.20622
1453.74632	0.20889
1452.31828	0.21023
1450.89024	0.21078
1449.46220	0.21025
1448.03416	0.20834
1446.60612	0.20525
1445.17807	0.20155
1443.75003	0.19748
1442.32199	0.19311
1440.89395	0.18879
1439.46591	0.18457
1438.03787	0.17962
1436.60983	0.17331
1435.18178	0.16742
1433.75374	0.16336
1432.32570	0.16026
1430.89766	0.15743
1429.46962	0.15514
1428.04158	0.15390
1426.61353	0.15373
1425.18549	0.15462
1423.75745	0.15651
1422.32941	0.15910
1420.90137	0.16273
1419.47333	0.16894
1418.04528	0.17763
1416.61724	0.18542
1415.18920	0.19124
1413.76116	0.19600
1412.33312	0.19977
1410.90508	0.20190
1409.47704	0.20199
1408.04899	0.20030
1406.62095	0.19717
1405.19291	0.19295
1403.76487	0.18859
1402.33683	0.18505
1400.90879	0.18227
1399.48074	0.18001
1398.05270	0.17861
1396.62466	0.17867
1395.19662	0.18035
1393.76858	0.18308
1392.34054	0.18600
1390.91249	0.18876
1389.48445	0.19151
1388.05641	0.19415
1386.62837	0.19580
1385.20033	0.19584
1383.77229	0.19471
1382.34425	0.19305
1380.91620	0.19124
1379.48816	0.18948
1378.06012	0.18781
1376.63208	0.18603
1375.20404	0.18381
1373.77600	0.18104
1372.34795	0.17809
1370.91991	0.17502
1369.49187	0.17143
1368.06383	0.16730
1366.63579	0.16314
1365.20775	0.15909
1363.77971	0.15468
1362.35166	0.14992
1360.92362	0.14579
1359.49558	0.14277
1358.06754	0.14050
1356.63950	0.13869
1355.21146	0.13733
1353.78341	0.13659
1352.35537	0.13651
1350.92733	0.13715
1349.49929	0.13863
1348.07125	0.14100
1346.64321	0.14422
1345.21516	0.14819
1343.78712	0.15278
1342.35908	0.15824
1340.93104	0.16554
1339.50300	0.17514
1338.07496	0.18505
1336.64692	0.19252
1335.21887	0.19679
1333.79083	0.19804
1332.36279	0.19639
1330.93475	0.19218
1329.50671	0.18623
1328.07867	0.17960
1326.65062	0.17321
1325.22258	0.16764
1323.79454	0.16312
1322.36650	0.15965
1320.93846	0.15708
1319.51042	0.15522
1318.08237	0.15389
1316.65433	0.15294
1315.22629	0.15218
1313.79825	0.15151
1312.37021	0.15091
1310.94217	0.15039
1309.51413	0.14997
1308.08608	0.14964
1306.65804	0.14938
1305.23000	0.14917
1303.80196	0.14898
1302.37392	0.14879
1300.94588	0.14865
1299.51783	0.14860
1298.08979	0.14867
1296.66175	0.14886
1295.23371	0.14917
1293.80567	0.14961
1292.37763	0.15021
1290.94958	0.15099
1289.52154	0.15196
1288.09350	0.15315
1286.66546	0.15461
1285.23742	0.15636
1283.80938	0.15842
1282.38134	0.16082
1280.95329	0.16356
1279.52525	0.16660
1278.09721	0.16986
1276.66917	0.17325
1275.24113	0.17669
1273.81309	0.18019
1272.38504	0.18376
1270.95700	0.18738
1269.52896	0.19095
1268.10092	0.19439
1266.67288	0.19768
1265.24484	0.20079
1263.81679	0.20367
1262.38875	0.20632
1260.96071	0.20881
1259.53267	0.21127
1258.10463	0.21383
1256.67659	0.21664
1255.24855	0.21991
1253.82050	0.22379
1252.39246	0.22835
1250.96442	0.23359
1249.53638	0.23953
1248.10834	0.24615
1246.68030	0.25336
1245.25225	0.26099
1243.82421	0.26868
1242.39617	0.27594
1240.96813	0.28227
1239.54009	0.28733
1238.11205	0.29088
1236.68400	0.29282
1235.25596	0.29316
1233.82792	0.29205
1232.39988	0.28964
1230.97184	0.28607
1229.54380	0.28143
1228.11576	0.27588
1226.68771	0.26955
1225.25967	0.26265
1223.83163	0.25536
1222.40359	0.24780
1220.97555	0.24003
1219.54751	0.23211
1218.11946	0.22414
1216.69142	0.21624
1215.26338	0.20850
1213.83534	0.20096
1212.40730	0.19369
1210.97926	0.18677
1209.55121	0.18027
1208.12317	0.17420
1206.69513	0.16850
1205.26709	0.16312
1203.83905	0.15806
1202.41101	0.15332
1200.98297	0.14893
1199.55492	0.14494
1198.12688	0.14140
1196.69884	0.13835
1195.27080	0.13581
1193.84276	0.13371
1192.41472	0.13202
1190.98667	0.13070
1189.55863	0.12972
1188.13059	0.12910
1186.70255	0.12886
1185.27451	0.12907
1183.84647	0.12982
1182.41842	0.13121
1180.99038	0.13334
1179.56234	0.13620
1178.13430	0.13966
1176.70626	0.14341
1175.27822	0.14703
1173.85018	0.15008
1172.42213	0.15218
1170.99409	0.15314
1169.56605	0.15301
1168.13801	0.15202
1166.70997	0.15048
1165.28193	0.14869
1163.85388	0.14681
1162.42584	0.14489
1160.99780	0.14288
1159.56976	0.14077
1158.14172	0.13854
1156.71368	0.13621
1155.28563	0.13380
1153.85759	0.13135
1152.42955	0.12889
1151.00151	0.12646
1149.57347	0.12409
1148.14543	0.12181
1146.71739	0.11966
1145.28934	0.11765
1143.86130	0.11579
1142.43326	0.11408
1141.00522	0.11254
1139.57718	0.11117
1138.14914	0.10994
1136.72109	0.10883
1135.29305	0.10784
1133.86501	0.10695
1132.43697	0.10620
1131.00893	0.10556
1129.58089	0.10501
1128.15284	0.10450
1126.72480	0.10404
1125.29676	0.10363
1123.86872	0.10328
1122.44068	0.10300
1121.01264	0.10283
1119.58460	0.10276
1118.15655	0.10277
1116.72851	0.10288
1115.30047	0.10317
1113.87243	0.10374
1112.44439	0.10470
1111.01635	0.10608
1109.58830	0.10779
1108.16026	0.10956
1106.73222	0.11106
1105.30418	0.11204
1103.87614	0.11243
1102.44810	0.11228
1101.02006	0.11174
1099.59201	0.11102
1098.16397	0.11032
1096.73593	0.10976
1095.30789	0.10936
1093.87985	0.10918
1092.45181	0.10928
1091.02376	0.10975
1089.59572	0.11066
1088.16768	0.11203
1086.73964	0.11385
1085.31160	0.11607
1083.88356	0.11859
1082.45551	0.12127
1081.02747	0.12403
1079.59943	0.12681
1078.17139	0.12958
1076.74335	0.13229
1075.31531	0.13492
1073.88727	0.13739
1072.45922	0.13964
1071.03118	0.14160
1069.60314	0.14328
1068.17510	0.14484
1066.74706	0.14662
1065.31902	0.14909
1063.89097	0.15265
1062.46293	0.15740
1061.03489	0.16296
1059.60685	0.16837
1058.17881	0.17234
1056.75077	0.17376
1055.32272	0.17225
1053.89468	0.16831
1052.46664	0.16295
1051.03860	0.15717
1049.61056	0.15163
1048.18252	0.14666
1046.75448	0.14234
1045.32643	0.13860
1043.89839	0.13536
1042.47035	0.13256
1041.04231	0.13022
1039.61427	0.12833
1038.18623	0.12688
1036.75818	0.12586
1035.33014	0.12521
1033.90210	0.12478
1032.47406	0.12431
1031.04602	0.12359
1029.61798	0.12253
1028.18993	0.12116
1026.76189	0.11975
1025.33385	0.11877
1023.90581	0.11882
1022.47777	0.12038
1021.04973	0.12352
1019.62169	0.12762
1018.19364	0.13149
1016.76560	0.13382
1015.33756	0.13387
1013.90952	0.13178
1012.48148	0.12827
1011.05344	0.12416
1009.62539	0.12001
1008.19735	0.11615
1006.76931	0.11275
1005.34127	0.10987
1003.91323	0.10742
1002.48519	0.10527
1001.05714	0.10328
999.62910	0.10133
998.20106	0.09930
996.77302	0.09710
995.34498	0.09464
993.91694	0.09199
992.48890	0.08926
991.06085	0.08662
989.63281	0.08424
988.20477	0.08226
986.77673	0.08078
985.34869	0.07982
983.92065	0.07930
982.49260	0.07914
981.06456	0.07923
979.63652	0.07950
978.20848	0.07979
976.78044	0.07997
975.35240	0.07997
973.92435	0.07981
972.49631	0.07956
971.06827	0.07934
969.64023	0.07929
968.21219	0.07947
966.78415	0.07990
965.35611	0.08049
963.92806	0.08112
962.50002	0.08164
961.07198	0.08198
959.64394	0.08216
958.21590	0.08229
956.78786	0.08245
955.35981	0.08260
953.93177	0.08268
952.50373	0.08264
951.07569	0.08247
949.64765	0.08221
948.21961	0.08193
946.79156	0.08167
945.36352	0.08138
943.93548	0.08102
942.50744	0.08064
941.07940	0.08030
939.65136	0.08007
938.22332	0.07989
936.79527	0.07970
935.36723	0.07949
933.93919	0.07927
932.51115	0.07909
931.08311	0.07892
929.65507	0.07872
928.22702	0.07843
926.79898	0.07802
925.37094	0.07745
923.94290	0.07672
922.51486	0.07579
921.08682	0.07467
919.65877	0.07338
918.23073	0.07202
916.80269	0.07067
915.37465	0.06941
913.94661	0.06826
912.51857	0.06726
911.09053	0.06642
909.66248	0.06581
908.23444	0.06539
906.80640	0.06509
905.37836	0.06484
903.95032	0.06462
902.52228	0.06443
901.09423	0.06428
899.66619	0.06419
898.23815	0.06412
896.81011	0.06407
895.38207	0.06402
893.95403	0.06396
892.52598	0.06390
891.09794	0.06387
889.66990	0.06389
888.24186	0.06398
886.81382	0.06415
885.38578	0.06441
883.95774	0.06469
882.52969	0.06497
881.10165	0.06520
879.67361	0.06542
878.24557	0.06563
876.81753	0.06586
875.38949	0.06616
873.96144	0.06656
872.53340	0.06710
871.10536	0.06779
869.67732	0.06864
868.24928	0.06966
866.82124	0.07089
865.39320	0.07229
863.96515	0.07380
862.53711	0.07536
861.10907	0.07695
859.68103	0.07854
858.25299	0.08011
856.82495	0.08160
855.39690	0.08297
853.96886	0.08413
852.54082	0.08500
851.11278	0.08553
849.68474	0.08572
848.25670	0.08569
846.82865	0.08562
845.40061	0.08576
843.97257	0.08627
842.54453	0.08718
841.11649	0.08843
839.68845	0.08992
838.26041	0.09156
836.83236	0.09320
835.40432	0.09475
833.97628	0.09616
832.54824	0.09739
831.12020	0.09839
829.69216	0.09911
828.26411	0.09950
826.83607	0.09958
825.40803	0.09945
823.97999	0.09918
822.55195	0.09886
821.12391	0.09858
819.69586	0.09847
818.26782	0.09858
816.83978	0.09893
815.41174	0.09946
813.98370	0.10012
812.55566	0.10088
811.12762	0.10172
809.69957	0.10262
808.27153	0.10355
806.84349	0.10449
805.41545	0.10538
803.98741	0.10615
802.55937	0.10676
801.13132	0.10722
799.70328	0.10761
798.27524	0.10805
796.84720	0.10858
795.41916	0.10922
793.99112	0.10999
792.56307	0.11091
791.13503	0.11196
789.70699	0.11315
788.27895	0.11444
786.85091	0.11584
785.42287	0.11732
783.99483	0.11888
782.56678	0.12049
781.13874	0.12216
779.71070	0.12392
778.28266	0.12570
776.85462	0.12747
775.42658	0.12919
773.99853	0.13084
772.57049	0.13244
771.14245	0.13400
769.71441	0.13551
768.28637	0.13692
766.85833	0.13820
765.43028	0.13939
764.00224	0.14056
762.57420	0.14177
761.14616	0.14306
759.71812	0.14443
758.29008	0.14589
756.86204	0.14745
755.43399	0.14912
754.00595	0.15088
752.57791	0.15271
751.14987	0.15458
749.72183	0.15648
748.29379	0.15843
746.86574	0.16043
745.43770	0.16250
744.00966	0.16467
742.58162	0.16691
741.15358	0.16919
739.72554	0.17148
738.29749	0.17378
736.86945	0.17614
735.44141	0.17860
734.01337	0.18120
732.58533	0.18390
731.15729	0.18659
729.72925	0.18914
728.30120	0.19146
726.87316	0.19358
725.44512	0.19552
724.01708	0.19731
722.58904	0.19903
721.16100	0.20079
719.73295	0.20261
718.30491	0.20444
716.87687	0.20629
715.44883	0.20824
714.02079	0.21034
712.59275	0.21261
711.16470	0.21507
709.73666	0.21775
708.30862	0.22063
706.88058	0.22367
705.45254	0.22677
704.02450	0.22989
702.59646	0.23292
701.16841	0.23582
699.74037	0.23859
698.31233	0.24126
696.88429	0.24385
695.45625	0.24642
694.02821	0.24901
692.60016	0.25163
691.17212	0.25432
689.74408	0.25711
688.31604	0.25994
686.88800	0.26270
685.45996	0.26531
684.03191	0.26779
682.60387	0.27015
681.17583	0.27239
679.74779	0.27441
678.31975	0.27613
676.89171	0.27753
675.46367	0.27878
674.03562	0.27997
672.60758	0.28108
671.17954	0.28211
669.75150	0.28343
668.32346	0.28542
666.89542	0.28728
665.46737	0.28841
664.03933	0.28940
662.61129	0.29067
661.18325	0.29224
659.75521	0.29388
658.32717	0.29544
656.89912	0.29689
655.47108	0.29825
654.04304	0.29953
652.61500	0.30074
651.18696	0.30188
649.75892	0.30299
648.33088	0.30406
646.90283	0.30504
645.47479	0.30591
644.04675	0.30666
642.61871	0.30736
641.19067	0.30804
639.76263	0.30866
638.33458	0.30918
636.90654	0.30961
635.47850	0.30997
634.05046	0.31024
632.62242	0.31034
631.19438	0.31025
629.76633	0.31002
628.33829	0.30973
626.91025	0.30948
625.48221	0.30926
624.05417	0.30905
622.62613	0.30877
621.19809	0.30845
619.77004	0.30815
618.34200	0.30792
616.91396	0.30776
615.48592	0.30768
614.05788	0.30768
612.62984	0.30767
611.20179	0.30753
609.77375	0.30719
608.34571	0.30668
606.91767	0.30610
605.48963	0.30548
604.06159	0.30488
602.63355	0.30435
601.20550	0.30392
599.77746	0.30357
598.34942	0.30326
596.92138	0.30301
595.49334	0.30286
594.06530	0.30285
592.63725	0.30298
591.20921	0.30319
589.78117	0.30346
588.35313	0.30379
586.92509	0.30425
585.49705	0.30493
584.06900	0.30585
582.64096	0.30709
581.21292	0.30876
579.78488	0.31089
578.35684	0.31337
576.92880	0.31614
575.50076	0.31905
574.07271	0.32185
572.64467	0.32430
571.21663	0.32643
569.78859	0.32866
568.36055	0.33147
566.93251	0.33510
565.50446	0.33938
564.07642	0.34393
562.64838	0.34846
561.22034	0.35280
559.79230	0.35697
558.36426	0.36118
556.93621	0.36572
555.50817	0.37078
554.08013	0.37620
552.65209	0.38162
551.22405	0.38672
549.79601	0.39123
548.36797	0.39492
546.93992	0.39765
545.51188	0.39943
544.08384	0.40038
542.65580	0.40056
541.22776	0.39998
539.79972	0.39874
538.37167	0.39712
536.94363	0.39542
535.51559	0.39372
534.08755	0.39190
532.65951	0.38993
531.23147	0.38799
529.80342	0.38631
528.37538	0.38490
526.94734	0.38352
525.51930	0.38198
524.09126	0.38039
522.66322	0.37895
521.23518	0.37773
519.80713	0.37672
518.37909	0.37594
516.95105	0.37540
515.52301	0.37510
514.09497	0.37497
512.66693	0.37483
511.23888	0.37461
509.81084	0.37440
508.38280	0.37445
506.95476	0.37480
505.52672	0.37520
504.09868	0.37537
502.67063	0.37521
501.24259	0.37478
499.81455	0.37411
498.38651	0.37325
496.95847	0.37236
495.53043	0.37165
494.10239	0.37137
492.67434	0.37167
491.24630	0.37233
489.81826	0.37268
488.39022	0.37215
486.96218	0.37067
485.53414	0.36860
484.10609	0.36661
482.67805	0.36526
481.25001	0.36441
479.82197	0.36358
478.39393	0.36242
476.96589	0.36092
475.53784	0.35933
474.10980	0.35782
472.68176	0.35645
471.25372	0.35514
469.82568	0.35369
468.39764	0.35200
466.96960	0.35028
465.54155	0.34882
464.11351	0.34775
462.68547	0.34702
461.25743	0.34659
459.82939	0.34624
458.40135	0.34564
456.97330	0.34471
455.54526	0.34387
454.11722	0.34349
452.68918	0.34355
451.26114	0.34378
449.83310	0.34381
448.40505	0.34334
446.97701	0.34234
445.54897	0.34090
444.12093	0.33910
442.69289	0.33702
441.26485	0.33494
439.83681	0.33317
438.40876	0.33179
436.98072	0.33084
435.55268	0.33044
434.12464	0.33054
432.69660	0.33090
431.26856	0.33134
429.84051	0.33169
428.41247	0.33187
426.98443	0.33191
425.55639	0.33192
424.12835	0.33185
422.70031	0.33158
421.27226	0.33107
419.84422	0.33057
418.41618	0.33095
416.98814	0.33245
415.56010	0.33429
414.13206	0.33630
412.70402	0.33869
411.27597	0.34132
409.84793	0.34345
408.41989	0.34418
406.99185	0.34325
405.56381	0.34105
404.13577	0.33812
402.70772	0.33482
401.27968	0.33144
399.85164	0.32821
