3998.51641	0.00312
3997.08837	0.00312
3995.66033	0.00313
3994.23229	0.00317
3992.80425	0.00323
3991.37620	0.00328
3989.94816	0.00327
3988.52012	0.00321
3987.09208	0.00312
3985.66404	0.00306
3984.23600	0.00302
3982.80796	0.00300
3981.37991	0.00301
3979.95187	0.00304
3978.52383	0.00309
3977.09579	0.00314
3975.66775	0.00315
3974.23971	0.00313
3972.81166	0.00310
3971.38362	0.00307
3969.95558	0.00304
3968.52754	0.00301
3967.09950	0.00301
3965.67146	0.00304
3964.24341	0.00307
3962.81537	0.00308
3961.38733	0.00308
3959.95929	0.00307
3958.53125	0.00305
3957.10321	0.00303
3955.67517	0.00303
3954.24712	0.00302
3952.81908	0.00300
3951.39104	0.00295
3949.96300	0.00287
3948.53496	0.00280
3947.10692	0.00278
3945.67887	0.00279
3944.25083	0.00284
3942.82279	0.00290
3941.39475	0.00298
3939.96671	0.00302
3938.53867	0.00301
3937.11062	0.00296
3935.68258	0.00289
3934.25454	0.00280
3932.82650	0.00273
3931.39846	0.00273
3929.97042	0.00280
3928.54238	0.00287
3927.11433	0.00289
3925.68629	0.00283
3924.25825	0.00275
3922.83021	0.00271
3921.40217	0.00271
3919.97413	0.00273
3918.54608	0.00272
3917.11804	0.00271
3915.69000	0.00275
3914.26196	0.00283
3912.83392	0.00290
3911.40588	0.00291
3909.97783	0.00287
3908.54979	0.00279
3907.12175	0.00262
3905.69371	0.00231
3904.26567	0.00196
3902.83763	0.00183
3901.40959	0.00195
3899.98154	0.00219
3898.55350	0.00243
3897.12546	0.00260
3895.69742	0.00268
3894.26938	0.00265
3892.84134	0.00257
3891.41329	0.00252
3889.98525	0.00253
3888.55721	0.00249
3887.12917	0.00238
3885.70113	0.00224
3884.27309	0.00218
3882.84504	0.00221
3881.41700	0.00228
3879.98896	0.00237
3878.56092	0.00244
3877.13288	0.00245
3875.70484	0.00238
3874.27680	0.00225
3872.84875	0.00205
3871.42071	0.00184
3869.99267	0.00179
3868.56463	0.00197
3867.13659	0.00218
3865.70855	0.00227
3864.28050	0.00224
3862.85246	0.00226
3861.42442	0.00236
3859.99638	0.00240
3858.56834	0.00227
3857.14030	0.00194
3855.71226	0.00138
3854.28421	0.00077
3852.85617	0.00086
3851.42813	0.00154
3850.00009	0.00209
3848.57205	0.00239
3847.14401	0.00252
3845.71596	0.00254
3844.28792	0.00244
3842.85988	0.00218
3841.43184	0.00177
3840.00380	0.00134
3838.57576	0.00115
3837.14771	0.00133
3835.71967	0.00167
3834.29163	0.00200
3832.86359	0.00223
3831.43555	0.00236
3830.00751	0.00238
3828.57947	0.00233
3827.15142	0.00225
3825.72338	0.00216
3824.29534	0.00200
3822.86730	0.00168
3821.43926	0.00131
3820.01122	0.00121
3818.58317	0.00136
3817.15513	0.00157
3815.72709	0.00184
3814.29905	0.00214
3812.87101	0.00237
3811.44297	0.00248
3810.01492	0.00246
3808.58688	0.00233
3807.15884	0.00212
3805.73080	0.00192
3804.30276	0.00174
3802.87472	0.00152
3801.44668	0.00142
3800.01863	0.00159
3798.59059	0.00183
3797.16255	0.00204
3795.73451	0.00222
3794.30647	0.00239
3792.87843	0.00250
3791.45038	0.00255
3790.02234	0.00254
3788.59430	0.00247
3787.16626	0.00237
3785.73822	0.00227
3784.31018	0.00225
3782.88213	0.00227
3781.45409	0.00230
3780.02605	0.00233
3778.59801	0.00242
3777.16997	0.00252
3775.74193	0.00256
3774.31389	0.00253
3772.88584	0.00245
3771.45780	0.00235
3770.02976	0.00224
3768.60172	0.00217
3767.17368	0.00216
3765.74564	0.00223
3764.31759	0.00234
3762.88955	0.00241
3761.46151	0.00238
3760.03347	0.00226
3758.60543	0.00214
3757.17739	0.00207
3755.74934	0.00198
3754.32130	0.00177
3752.89326	0.00140
3751.46522	0.00090
3750.03718	0.00069
3748.60914	0.00083
3747.18110	0.00099
3745.75305	0.00112
3744.32501	0.00130
3742.89697	0.00152
3741.46893	0.00168
3740.04089	0.00175
3738.61285	0.00167
3737.18480	0.00140
3735.75676	0.00106
3734.32872	0.00102
3732.90068	0.00136
3731.47264	0.00177
3730.04460	0.00206
3728.61655	0.00221
3727.18851	0.00224
3725.76047	0.00222
3724.33243	0.00219
3722.90439	0.00216
3721.47635	0.00216
3720.04831	0.00224
3718.62026	0.00237
3717.19222	0.00248
3715.76418	0.00248
3714.33614	0.00235
3712.90810	0.00209
3711.48006	0.00193
3710.05201	0.00213
3708.62397	0.00247
3707.19593	0.00272
3705.76789	0.00281
3704.33985	0.00279
3702.91181	0.00275
3701.48376	0.00281
3700.05572	0.00299
3698.62768	0.00316
3697.19964	0.00325
3695.77160	0.00323
3694.34356	0.00310
3692.91552	0.00285
3691.48747	0.00251
3690.05943	0.00233
3688.63139	0.00264
3687.20335	0.00315
3685.77531	0.00353
3684.34727	0.00372
3682.91922	0.00379
3681.49118	0.00378
3680.06314	0.00372
3678.63510	0.00364
3677.20706	0.00356
3675.77902	0.00364
3674.35097	0.00389
3672.92293	0.00401
3671.49489	0.00395
3670.06685	0.00406
3668.63881	0.00459
3667.21077	0.00521
3665.78273	0.00570
3664.35468	0.00606
3662.92664	0.00633
3661.49860	0.00655
3660.07056	0.00671
3658.64252	0.00683
3657.21448	0.00699
3655.78643	0.00721
3654.35839	0.00740
3652.93035	0.00744
3651.50231	0.00723
3650.07427	0.00684
3648.64623	0.00707
3647.21818	0.00799
3645.79014	0.00877
3644.36210	0.00927
3642.93406	0.00964
3641.50602	0.00999
3640.07798	0.01036
3638.64994	0.01073
3637.22189	0.01107
3635.79385	0.01137
3634.36581	0.01163
3632.93777	0.01181
3631.50973	0.01189
3630.08169	0.01197
3628.65364	0.01237
3627.22560	0.01304
3625.79756	0.01364
3624.36952	0.01409
3622.94148	0.01440
3621.51344	0.01455
3620.08539	0.01461
3618.65735	0.01482
3617.22931	0.01526
3615.80127	0.01575
3614.37323	0.01616
3612.94519	0.01651
3611.51715	0.01685
3610.08910	0.01724
3608.66106	0.01773
3607.23302	0.01833
3605.80498	0.01892
3604.37694	0.01944
3602.94890	0.01987
3601.52085	0.02021
3600.09281	0.02053
3598.66477	0.02093
3597.23673	0.02141
3595.80869	0.02192
3594.38065	0.02243
3592.95261	0.02289
3591.52456	0.02327
3590.09652	0.02356
3588.66848	0.02386
3587.24044	0.02429
3585.81240	0.02490
3584.38436	0.02553
3582.95631	0.02609
3581.52827	0.02660
3580.10023	0.02709
3578.67219	0.02756
3577.24415	0.02802
3575.81611	0.02852
3574.38806	0.02908
3572.96002	0.02966
3571.53198	0.03015
3570.10394	0.03051
3568.67590	0.03070
3567.24786	0.03090
3565.81982	0.03140
3564.39177	0.03214
3562.96373	0.03287
3561.53569	0.03351
3560.10765	0.03406
3558.67961	0.03457
3557.25157	0.03512
3555.82352	0.03567
3554.39548	0.03619
3552.96744	0.03663
3551.53940	0.03707
3550.11136	0.03755
3548.68332	0.03802
3547.25527	0.03845
3545.82723	0.03888
3544.39919	0.03946
3542.97115	0.04013
3541.54311	0.04079
3540.11507	0.04137
3538.68703	0.04183
3537.25898	0.04223
3535.83094	0.04265
3534.40290	0.04312
3532.97486	0.04360
3531.54682	0.04406
3530.11878	0.04448
3528.69073	0.04487
3527.26269	0.04527
3525.83465	0.04567
3524.40661	0.04605
3522.97857	0.04649
3521.55053	0.04703
3520.12248	0.04762
3518.69444	0.04816
3517.26640	0.04859
3515.83836	0.04897
3514.41032	0.04937
3512.98228	0.04976
3511.55424	0.05010
3510.12619	0.05035
3508.69815	0.05060
3507.27011	0.05093
3505.84207	0.05130
3504.41403	0.05165
3502.98599	0.05198
3501.55794	0.05232
3500.12990	0.05269
3498.70186	0.05302
3497.27382	0.05332
3495.84578	0.05362
3494.41774	0.05395
3492.98969	0.05431
3491.56165	0.05467
3490.13361	0.05500
3488.70557	0.05529
3487.27753	0.05557
3485.84949	0.05588
3484.42145	0.05619
3482.99340	0.05644
3481.56536	0.05665
3480.13732	0.05688
3478.70928	0.05717
3477.28124	0.05750
3475.85320	0.05782
3474.42515	0.05809
3472.99711	0.05831
3471.56907	0.05852
3470.14103	0.05872
3468.71299	0.05896
3467.28495	0.05922
3465.85690	0.05950
3464.42886	0.05979
3463.00082	0.06004
3461.57278	0.06026
3460.14474	0.06050
3458.71670	0.06077
3457.28866	0.06107
3455.86061	0.06139
3454.43257	0.06170
3453.00453	0.06200
3451.57649	0.06229
3450.14845	0.06254
3448.72041	0.06272
3447.29236	0.06284
3445.86432	0.06301
3444.43628	0.06329
3443.00824	0.06364
3441.58020	0.06395
3440.15216	0.06422
3438.72411	0.06450
3437.29607	0.06487
3435.86803	0.06527
3434.43999	0.06565
3433.01195	0.06598
3431.58391	0.06634
3430.15587	0.06677
3428.72782	0.06727
3427.29978	0.06781
3425.87174	0.06837
3424.44370	0.06890
3423.01566	0.06934
3421.58762	0.06970
3420.15957	0.07008
3418.73153	0.07058
3417.30349	0.07114
3415.87545	0.07168
3414.44741	0.07218
3413.01937	0.07266
3411.59132	0.07317
3410.16328	0.07370
3408.73524	0.07422
3407.30720	0.07468
3405.87916	0.07513
3404.45112	0.07562
3403.02308	0.07616
3401.59503	0.07673
3400.16699	0.07729
3398.73895	0.07785
3397.31091	0.07842
3395.88287	0.07897
3394.45483	0.07951
3393.02678	0.08005
3391.59874	0.08060
3390.17070	0.08114
3388.74266	0.08168
3387.31462	0.08221
3385.88658	0.08275
3384.45853	0.08332
3383.03049	0.08390
3381.60245	0.08450
3380.17441	0.08511
3378.74637	0.08573
3377.31833	0.08638
3375.89029	0.08707
3374.46224	0.08779
3373.03420	0.08851
3371.60616	0.08921
3370.17812	0.08990
3368.75008	0.09058
3367.32204	0.09123
3365.89399	0.09183
3364.46595	0.09243
3363.03791	0.09311
3361.60987	0.09387
3360.18183	0.09463
3358.75379	0.09535
3357.32575	0.09604
3355.89770	0.09676
3354.46966	0.09759
3353.04162	0.09853
3351.61358	0.09952
3350.18554	0.10044
3348.75750	0.10124
3347.32945	0.10200
3345.90141	0.10281
3344.47337	0.10371
3343.04533	0.10466
3341.61729	0.10561
3340.18925	0.10655
3338.76120	0.10744
3337.33316	0.10828
3335.90512	0.10904
3334.47708	0.10980
3333.04904	0.11059
3331.62100	0.11143
3330.19296	0.11233
3328.76491	0.11331
3327.33687	0.11436
3325.90883	0.11538
3324.48079	0.11627
3323.05275	0.11701
3321.62471	0.11772
3320.19666	0.11848
3318.76862	0.11931
3317.34058	0.12017
3315.91254	0.12103
3314.48450	0.12193
3313.05646	0.12291
3311.62841	0.12394
3310.20037	0.12497
3308.77233	0.12592
3307.34429	0.12680
3305.91625	0.12760
3304.48821	0.12830
3303.06017	0.12888
3301.63212	0.12940
3300.20408	0.12999
3298.77604	0.13072
3297.34800	0.13153
3295.91996	0.13229
3294.49192	0.13289
3293.06387	0.13333
3291.63583	0.13360
3290.20779	0.13376
3288.77975	0.13388
3287.35171	0.13406
3285.92367	0.13430
3284.49562	0.13453
3283.06758	0.13470
3281.63954	0.13480
3280.21150	0.13486
3278.78346	0.13493
3277.35542	0.13503
3275.92738	0.13513
3274.49933	0.13514
3273.07129	0.13501
3271.64325	0.13471
3270.21521	0.13424
3268.78717	0.13358
3267.35913	0.13283
3265.93108	0.13208
3264.50304	0.13136
3263.07500	0.13065
3261.64696	0.12996
3260.21892	0.12934
3258.79088	0.12879
3257.36283	0.12822
3255.93479	0.12751
3254.50675	0.12663
3253.07871	0.12568
3251.65067	0.12485
3250.22263	0.12419
3248.79459	0.12364
3247.36654	0.12301
3245.93850	0.12216
3244.51046	0.12110
3243.08242	0.12003
3241.65438	0.11909
3240.22634	0.11828
3238.79829	0.11753
3237.37025	0.11683
3235.94221	0.11620
3234.51417	0.11558
3233.08613	0.11488
3231.65809	0.11401
3230.23004	0.11303
3228.80200	0.11204
3227.37396	0.11113
3225.94592	0.11033
3224.51788	0.10960
3223.08984	0.10890
3221.66180	0.10816
3220.23375	0.10737
3218.80571	0.10655
3217.37767	0.10575
3215.94963	0.10496
3214.52159	0.10413
3213.09355	0.10327
3211.66550	0.10240
3210.23746	0.10156
3208.80942	0.10072
3207.38138	0.09987
3205.95334	0.09902
3204.52530	0.09814
3203.09725	0.09722
3201.66921	0.09632
3200.24117	0.09542
3198.81313	0.09450
3197.38509	0.09351
3195.95705	0.09251
3194.52901	0.09156
3193.10096	0.09069
3191.67292	0.08984
3190.24488	0.08896
3188.81684	0.08800
3187.38880	0.08698
3185.96076	0.08595
3184.53271	0.08496
3183.10467	0.08402
3181.67663	0.08308
3180.24859	0.08212
3178.82055	0.08113
3177.39251	0.08015
3175.96446	0.07923
3174.53642	0.07833
3173.10838	0.07742
3171.68034	0.07648
3170.25230	0.07556
3168.82426	0.07466
3167.39622	0.07381
3165.96817	0.07299
3164.54013	0.07218
3163.11209	0.07138
3161.68405	0.07058
3160.25601	0.06980
3158.82797	0.06904
3157.39992	0.06835
3155.97188	0.06774
3154.54384	0.06716
3153.11580	0.06656
3151.68776	0.06587
3150.25972	0.06511
3148.83167	0.06433
3147.40363	0.06361
3145.97559	0.06298
3144.54755	0.06244
3143.11951	0.06200
3141.69147	0.06163
3140.26343	0.06128
3138.83538	0.06084
3137.40734	0.06031
3135.97930	0.05976
3134.55126	0.05928
3133.12322	0.05895
3131.69518	0.05875
3130.26713	0.05856
3128.83909	0.05832
3127.41105	0.05803
3125.98301	0.05782
3124.55497	0.05777
3123.12693	0.05784
3121.69888	0.05797
3120.27084	0.05807
3118.84280	0.05814
3117.41476	0.05817
3115.98672	0.05818
3114.55868	0.05818
3113.13064	0.05824
3111.70259	0.05837
3110.27455	0.05856
3108.84651	0.05869
3107.41847	0.05871
3105.99043	0.05869
3104.56239	0.05879
3103.13434	0.05908
3101.70630	0.05951
3100.27826	0.05992
3098.85022	0.06020
3097.42218	0.06037
3095.99414	0.06058
3094.56610	0.06095
3093.13805	0.06150
3091.71001	0.06214
3090.28197	0.06271
3088.85393	0.06316
3087.42589	0.06354
3085.99785	0.06394
3084.56980	0.06436
3083.14176	0.06473
3081.71372	0.06502
3080.28568	0.06524
3078.85764	0.06537
3077.42960	0.06537
3076.00155	0.06524
3074.57351	0.06508
3073.14547	0.06499
3071.71743	0.06504
3070.28939	0.06520
3068.86135	0.06535
3067.43331	0.06533
3066.00526	0.06506
3064.57722	0.06460
3063.14918	0.06407
3061.72114	0.06358
3060.29310	0.06322
3058.86506	0.06299
3057.43701	0.06277
3056.00897	0.06241
3054.58093	0.06190
3053.15289	0.06133
3051.72485	0.06073
3050.29681	0.06006
3048.86876	0.05935
3047.44072	0.05868
3046.01268	0.05811
3044.58464	0.05755
3043.15660	0.05691
3041.72856	0.05611
3040.30052	0.05521
3038.87247	0.05430
3037.44443	0.05352
3036.01639	0.05290
3034.58835	0.05231
3033.16031	0.05160
3031.73227	0.05075
3030.30422	0.04988
3028.87618	0.04910
3027.44814	0.04849
3026.02010	0.04802
3024.59206	0.04758
3023.16402	0.04711
3021.73597	0.04666
3020.30793	0.04627
3018.87989	0.04593
3017.45185	0.04558
3016.02381	0.04522
3014.59577	0.04483
3013.16773	0.04442
3011.73968	0.04396
3010.31164	0.04345
3008.88360	0.04293
3007.45556	0.04251
3006.02752	0.04228
3004.59948	0.04226
3003.17143	0.04235
3001.74339	0.04253
3000.31535	0.04282
2998.88731	0.04321
2997.45927	0.04359
2996.03123	0.04396
2994.60318	0.04434
2993.17514	0.04474
2991.74710	0.04505
2990.31906	0.04522
2988.89102	0.04538
2987.46298	0.04563
2986.03494	0.04600
2984.60689	0.04645
2983.17885	0.04689
2981.75081	0.04720
2980.32277	0.04727
2978.89473	0.04708
2977.46669	0.04673
2976.03864	0.04635
2974.61060	0.04598
2973.18256	0.04558
2971.75452	0.04516
2970.32648	0.04476
2968.89844	0.04443
2967.47039	0.04418
2966.04235	0.04404
2964.61431	0.04399
2963.18627	0.04395
2961.75823	0.04386
2960.33019	0.04372
2958.90215	0.04360
2957.47410	0.04360
2956.04606	0.04379
2954.61802	0.04414
2953.18998	0.04460
2951.76194	0.04510
2950.33390	0.04569
2948.90585	0.04641
2947.47781	0.04726
2946.04977	0.04813
2944.62173	0.04894
2943.19369	0.04961
2941.76565	0.05012
2940.33760	0.05050
2938.90956	0.05076
2937.48152	0.05087
2936.05348	0.05080
2934.62544	0.05055
2933.19740	0.05015
2931.76936	0.04961
2930.34131	0.04892
2928.91327	0.04808
2927.48523	0.04713
2926.05719	0.04616
2924.62915	0.04521
2923.20111	0.04433
2921.77306	0.04357
2920.34502	0.04297
2918.91698	0.04245
2917.48894	0.04190
2916.06090	0.04127
2914.63286	0.04057
2913.20481	0.03986
2911.77677	0.03916
2910.34873	0.03843
2908.92069	0.03769
2907.49265	0.03704
2906.06461	0.03653
2904.63657	0.03612
2903.20852	0.03571
2901.78048	0.03529
2900.35244	0.03492
2898.92440	0.03466
2897.49636	0.03450
2896.06832	0.03434
2894.64027	0.03412
2893.21223	0.03385
2891.78419	0.03363
2890.35615	0.03351
2888.92811	0.03345
2887.50007	0.03343
2886.07202	0.03345
2884.64398	0.03350
2883.21594	0.03355
2881.78790	0.03357
2880.35986	0.03356
2878.93182	0.03352
2877.50378	0.03345
2876.07573	0.03334
2874.64769	0.03311
2873.21965	0.03270
2871.79161	0.03211
2870.36357	0.03145
2868.93553	0.03084
2867.50748	0.03030
2866.07944	0.02982
2864.65140	0.02939
2863.22336	0.02905
2861.79532	0.02879
2860.36728	0.02858
2858.93924	0.02837
2857.51119	0.02811
2856.08315	0.02783
2854.65511	0.02758
2853.22707	0.02740
2851.79903	0.02730
2850.37099	0.02724
2848.94294	0.02716
2847.51490	0.02701
2846.08686	0.02679
2844.65882	0.02660
2843.23078	0.02650
2841.80274	0.02650
2840.37469	0.02654
2838.94665	0.02656
2837.51861	0.02651
2836.09057	0.02641
2834.66253	0.02628
2833.23449	0.02612
2831.80645	0.02595
2830.37840	0.02577
2828.95036	0.02562
2827.52232	0.02552
2826.09428	0.02546
2824.66624	0.02541
2823.23820	0.02536
2821.81015	0.02529
2820.38211	0.02520
2818.95407	0.02510
2817.52603	0.02498
2816.09799	0.02483
2814.66995	0.02470
2813.24190	0.02459
2811.81386	0.02451
2810.38582	0.02439
2808.95778	0.02420
2807.52974	0.02396
2806.10170	0.02372
2804.67366	0.02350
2803.24561	0.02332
2801.81757	0.02320
2800.38953	0.02313
2798.96149	0.02307
2797.53345	0.02292
2796.10541	0.02268
2794.67736	0.02243
2793.24932	0.02222
2791.82128	0.02207
2790.39324	0.02191
2788.96520	0.02169
2787.53716	0.02141
2786.10911	0.02111
2784.68107	0.02084
2783.25303	0.02062
2781.82499	0.02041
2780.39695	0.02022
2778.96891	0.02007
2777.54087	0.01999
2776.11282	0.01994
2774.68478	0.01983
2773.25674	0.01959
2771.82870	0.01927
2770.40066	0.01896
2768.97262	0.01870
2767.54457	0.01852
2766.11653	0.01838
2764.68849	0.01824
2763.26045	0.01810
2761.83241	0.01795
2760.40437	0.01782
2758.97632	0.01769
2757.54828	0.01756
2756.12024	0.01742
2754.69220	0.01732
2753.26416	0.01727
2751.83612	0.01727
2750.40808	0.01727
2748.98003	0.01720
2747.55199	0.01703
2746.12395	0.01679
2744.69591	0.01655
2743.26787	0.01636
2741.83983	0.01624
2740.41178	0.01615
2738.98374	0.01608
2737.55570	0.01598
2736.12766	0.01586
2734.69962	0.01571
2733.27158	0.01556
2731.84353	0.01543
2730.41549	0.01537
2728.98745	0.01536
2727.55941	0.01535
2726.13137	0.01529
2724.70333	0.01516
2723.27529	0.01500
2721.84724	0.01483
2720.41920	0.01468
2718.99116	0.01453
2717.56312	0.01440
2716.13508	0.01429
2714.70704	0.01421
2713.27899	0.01418
2711.85095	0.01417
2710.42291	0.01415
2708.99487	0.01410
2707.56683	0.01402
2706.13879	0.01392
2704.71074	0.01382
2703.28270	0.01375
2701.85466	0.01370
2700.42662	0.01366
2698.99858	0.01361
2697.57054	0.01355
2696.14250	0.01350
2694.71445	0.01344
2693.28641	0.01338
2691.85837	0.01332
2690.43033	0.01328
2689.00229	0.01324
2687.57425	0.01319
2686.14620	0.01315
2684.71816	0.01314
2683.29012	0.01319
2681.86208	0.01325
2680.43404	0.01327
2679.00600	0.01322
2677.57795	0.01310
2676.14991	0.01298
2674.72187	0.01286
2673.29383	0.01275
2671.86579	0.01263
2670.43775	0.01249
2669.00971	0.01238
2667.58166	0.01230
2666.15362	0.01225
2664.72558	0.01223
2663.29754	0.01220
2661.86950	0.01217
2660.44146	0.01211
2659.01341	0.01203
2657.58537	0.01194
2656.15733	0.01186
2654.72929	0.01178
2653.30125	0.01170
2651.87321	0.01160
2650.44516	0.01149
2649.01712	0.01141
2647.58908	0.01134
2646.16104	0.01127
2644.73300	0.01122
2643.30496	0.01117
2641.87692	0.01115
2640.44887	0.01115
2639.02083	0.01112
2637.59279	0.01106
2636.16475	0.01099
2634.73671	0.01090
2633.30867	0.01081
2631.88062	0.01072
2630.45258	0.01062
2629.02454	0.01053
2627.59650	0.01044
2626.16846	0.01036
2624.74042	0.01026
2623.31237	0.01016
2621.88433	0.01007
2620.45629	0.01002
2619.02825	0.01001
2617.60021	0.01000
2616.17217	0.00995
2614.74413	0.00987
2613.31608	0.00977
2611.88804	0.00967
2610.46000	0.00960
2609.03196	0.00954
2607.60392	0.00950
2606.17588	0.00948
2604.74783	0.00943
2603.31979	0.00935
2601.89175	0.00924
2600.46371	0.00912
2599.03567	0.00899
2597.60763	0.00887
2596.17959	0.00876
2594.75154	0.00864
2593.32350	0.00850
2591.89546	0.00839
2590.46742	0.00832
2589.03938	0.00828
2587.61134	0.00823
2586.18329	0.00816
2584.75525	0.00810
2583.32721	0.00803
2581.89917	0.00795
2580.47113	0.00784
2579.04309	0.00775
2577.61504	0.00771
2576.18700	0.00766
2574.75896	0.00756
2573.33092	0.00744
2571.90288	0.00736
2570.47484	0.00733
2569.04680	0.00730
2567.61875	0.00721
2566.19071	0.00710
2564.76267	0.00699
2563.33463	0.00693
2561.90659	0.00688
2560.47855	0.00681
2559.05050	0.00671
2557.62246	0.00659
2556.19442	0.00649
2554.76638	0.00641
2553.33834	0.00634
2551.91030	0.00631
2550.48225	0.00630
2549.05421	0.00627
2547.62617	0.00624
2546.19813	0.00623
2544.77009	0.00626
2543.34205	0.00628
2541.91401	0.00626
2540.48596	0.00622
2539.05792	0.00615
2537.62988	0.00605
2536.20184	0.00595
2534.77380	0.00589
2533.34576	0.00588
2531.91771	0.00587
2530.48967	0.00583
2529.06163	0.00578
2527.63359	0.00575
2526.20555	0.00572
2524.77751	0.00571
2523.34946	0.00572
2521.92142	0.00575
2520.49338	0.00575
2519.06534	0.00570
2517.63730	0.00561
2516.20926	0.00552
2514.78122	0.00544
2513.35317	0.00536
2511.92513	0.00531
2510.49709	0.00531
2509.06905	0.00534
2507.64101	0.00538
2506.21297	0.00540
2504.78492	0.00537
2503.35688	0.00531
2501.92884	0.00526
2500.50080	0.00521
2499.07276	0.00517
2497.64472	0.00513
2496.21667	0.00509
2494.78863	0.00506
2493.36059	0.00504
2491.93255	0.00503
2490.50451	0.00501
2489.07647	0.00496
2487.64843	0.00490
2486.22038	0.00483
2484.79234	0.00478
2483.36430	0.00476
2481.93626	0.00475
2480.50822	0.00472
2479.08018	0.00466
2477.65213	0.00461
2476.22409	0.00457
2474.79605	0.00454
2473.36801	0.00452
2471.93997	0.00449
2470.51193	0.00445
2469.08388	0.00440
2467.65584	0.00435
2466.22780	0.00432
2464.79976	0.00430
2463.37172	0.00429
2461.94368	0.00426
2460.51564	0.00421
2459.08759	0.00415
2457.65955	0.00410
2456.23151	0.00406
2454.80347	0.00403
2453.37543	0.00401
2451.94739	0.00398
2450.51934	0.00396
2449.09130	0.00396
2447.66326	0.00400
2446.23522	0.00406
2444.80718	0.00412
2443.37914	0.00414
2441.95109	0.00414
2440.52305	0.00415
2439.09501	0.00415
2437.66697	0.00414
2436.23893	0.00413
2434.81089	0.00414
2433.38285	0.00418
2431.95480	0.00420
2430.52676	0.00420
2429.09872	0.00419
2427.67068	0.00422
2426.24264	0.00427
2424.81460	0.00432
2423.38655	0.00434
2421.95851	0.00433
2420.53047	0.00432
2419.10243	0.00432
2417.67439	0.00429
2416.24635	0.00421
2414.81830	0.00416
2413.39026	0.00417
2411.96222	0.00424
2410.53418	0.00429
2409.10614	0.00431
2407.67810	0.00432
2406.25006	0.00436
2404.82201	0.00440
2403.39397	0.00442
2401.96593	0.00442
2400.53789	0.00446
2399.10985	0.00453
2397.68181	0.00459
2396.25376	0.00460
2394.82572	0.00454
2393.39768	0.00448
2391.96964	0.00449
2390.54160	0.00456
2389.11356	0.00466
2387.68551	0.00471
2386.25747	0.00470
2384.82943	0.00463
2383.40139	0.00450
2381.97335	0.00428
2380.54531	0.00398
2379.11727	0.00365
2377.68922	0.00333
2376.26118	0.00301
2374.83314	0.00260
2373.40510	0.00196
2371.97706	0.00112
2370.54902	0.00023
2369.12097	-0.00067
2367.69293	-0.00183
2366.26489	-0.00334
2364.83685	-0.00489
2363.40881	-0.00609
2361.98077	-0.00678
2360.55273	-0.00690
2359.12468	-0.00635
2357.69664	-0.00516
2356.26860	-0.00358
2354.84056	-0.00183
2353.41252	-0.00010
2351.98448	0.00135
2350.55643	0.00226
2349.12839	0.00260
2347.70035	0.00242
2346.27231	0.00180
2344.84427	0.00096
2343.41623	0.00025
2341.98818	-0.00011
2340.56014	-0.00012
2339.13210	0.00006
2337.70406	0.00027
2336.27602	0.00047
2334.84798	0.00068
2333.41994	0.00096
2331.99189	0.00129
2330.56385	0.00163
2329.13581	0.00196
2327.70777	0.00221
2326.27973	0.00235
2324.85169	0.00241
2323.42364	0.00240
2321.99560	0.00244
2320.56756	0.00259
2319.13952	0.00285
2317.71148	0.00314
2316.28344	0.00339
2314.85539	0.00351
2313.42735	0.00351
2311.99931	0.00346
2310.57127	0.00344
2309.14323	0.00351
2307.71519	0.00364
2306.28715	0.00380
2304.85910	0.00396
2303.43106	0.00409
2302.00302	0.00416
2300.57498	0.00422
2299.14694	0.00428
2297.71890	0.00434
2296.29085	0.00439
2294.86281	0.00441
2293.43477	0.00437
2292.00673	0.00430
2290.57869	0.00424
2289.15065	0.00423
2287.72260	0.00426
2286.29456	0.00426
2284.86652	0.00418
2283.43848	0.00403
2282.01044	0.00390
2280.58240	0.00382
2279.15436	0.00374
2277.72631	0.00361
2276.29827	0.00346
2274.87023	0.00334
2273.44219	0.00329
2272.01415	0.00329
2270.58611	0.00329
2269.15806	0.00328
2267.73002	0.00322
2266.30198	0.00312
2264.87394	0.00302
2263.44590	0.00298
2262.01786	0.00302
2260.58981	0.00310
2259.16177	0.00316
2257.73373	0.00319
2256.30569	0.00318
2254.87765	0.00312
2253.44961	0.00304
2252.02157	0.00298
2250.59352	0.00293
2249.16548	0.00289
2247.73744	0.00291
2246.30940	0.00301
2244.88136	0.00308
2243.45332	0.00302
2242.02527	0.00284
2240.59723	0.00266
2239.16919	0.00255
2237.74115	0.00254
2236.31311	0.00254
2234.88507	0.00251
2233.45702	0.00247
2232.02898	0.00248
2230.60094	0.00256
2229.17290	0.00269
2227.74486	0.00278
2226.31682	0.00277
2224.88878	0.00270
2223.46073	0.00264
2222.03269	0.00260
2220.60465	0.00256
2219.17661	0.00250
2217.74857	0.00245
2216.32053	0.00242
2214.89248	0.00244
2213.46444	0.00250
2212.03640	0.00253
2210.60836	0.00247
2209.18032	0.00236
2207.75228	0.00228
2206.32423	0.00226
2204.89619	0.00224
2203.46815	0.00221
2202.04011	0.00220
2200.61207	0.00224
2199.18403	0.00235
2197.75599	0.00247
2196.32794	0.00251
2194.89990	0.00250
2193.47186	0.00253
2192.04382	0.00255
2190.61578	0.00246
2189.18774	0.00228
2187.75969	0.00211
2186.33165	0.00196
2184.90361	0.00175
2183.47557	0.00151
2182.04753	0.00138
2180.61949	0.00145
2179.19144	0.00157
2177.76340	0.00155
2176.33536	0.00139
2174.90732	0.00122
2173.47928	0.00112
2172.05124	0.00108
2170.62320	0.00104
2169.19515	0.00096
2167.76711	0.00087
2166.33907	0.00079
2164.91103	0.00069
2163.48299	0.00041
2162.05495	-0.00015
2160.62690	-0.00092
2159.19886	-0.00150
2157.77082	-0.00161
2156.34278	-0.00131
2154.91474	-0.00086
2153.48670	-0.00038
2152.05865	0.00007
2150.63061	0.00050
2149.20257	0.00091
2147.77453	0.00123
2146.34649	0.00141
2144.91845	0.00149
2143.49041	0.00152
2142.06236	0.00154
2140.63432	0.00160
2139.20628	0.00177
2137.77824	0.00200
2136.35020	0.00223
2134.92216	0.00239
2133.49411	0.00250
2132.06607	0.00263
2130.63803	0.00280
2129.20999	0.00298
2127.78195	0.00315
2126.35391	0.00332
2124.92586	0.00348
2123.49782	0.00363
2122.06978	0.00376
2120.64174	0.00384
2119.21370	0.00390
2117.78566	0.00397
2116.35762	0.00406
2114.92957	0.00408
2113.50153	0.00400
2112.07349	0.00388
2110.64545	0.00382
2109.21741	0.00383
2107.78937	0.00385
2106.36132	0.00378
2104.93328	0.00367
2103.50524	0.00360
2102.07720	0.00359
2100.64916	0.00362
2099.22112	0.00366
2097.79308	0.00370
2096.36503	0.00373
2094.93699	0.00372
2093.50895	0.00368
2092.08091	0.00363
2090.65287	0.00360
2089.22483	0.00361
2087.79678	0.00367
2086.36874	0.00378
2084.94070	0.00388
2083.51266	0.00393
2082.08462	0.00391
2080.65658	0.00386
2079.22853	0.00380
2077.80049	0.00371
2076.37245	0.00358
2074.94441	0.00342
2073.51637	0.00325
2072.08833	0.00314
2070.66029	0.00307
2069.23224	0.00303
2067.80420	0.00298
2066.37616	0.00294
2064.94812	0.00292
2063.52008	0.00287
2062.09204	0.00275
2060.66399	0.00261
2059.23595	0.00256
2057.80791	0.00261
2056.37987	0.00266
2054.95183	0.00263
2053.52379	0.00259
2052.09574	0.00253
2050.66770	0.00237
2049.23966	0.00203
2047.81162	0.00158
2046.38358	0.00125
2044.95554	0.00111
2043.52750	0.00105
2042.09945	0.00096
2040.67141	0.00080
2039.24337	0.00054
2037.81533	0.00019
2036.38729	-0.00012
2034.95925	-0.00032
2033.53120	-0.00045
2032.10316	-0.00057
2030.67512	-0.00070
2029.24708	-0.00082
2027.81904	-0.00088
2026.39100	-0.00084
2024.96295	-0.00071
2023.53491	-0.00052
2022.10687	-0.00038
2020.67883	-0.00041
2019.25079	-0.00055
2017.82275	-0.00060
2016.39471	-0.00049
2014.96666	-0.00025
2013.53862	-0.00001
2012.11058	0.00015
2010.68254	0.00023
2009.25450	0.00024
2007.82646	0.00022
2006.39841	0.00030
2004.97037	0.00055
2003.54233	0.00090
2002.11429	0.00122
2000.68625	0.00140
1999.25821	0.00145
1997.83016	0.00147
1996.40212	0.00147
1994.97408	0.00136
1993.54604	0.00116
1992.11800	0.00104
1990.68996	0.00113
1989.26192	0.00132
1987.83387	0.00148
1986.40583	0.00157
1984.97779	0.00161
1983.54975	0.00164
1982.12171	0.00162
1980.69367	0.00145
1979.26562	0.00108
1977.83758	0.00062
1976.40954	0.00032
1974.98150	0.00032
1973.55346	0.00054
1972.12542	0.00081
1970.69737	0.00098
1969.26933	0.00095
1967.84129	0.00074
1966.41325	0.00059
1964.98521	0.00069
1963.55717	0.00094
1962.12913	0.00114
1960.70108	0.00126
1959.27304	0.00141
1957.84500	0.00160
1956.41696	0.00173
1954.98892	0.00184
1953.56088	0.00204
1952.13283	0.00232
1950.70479	0.00255
1949.27675	0.00266
1947.84871	0.00264
1946.42067	0.00252
1944.99263	0.00234
1943.56458	0.00214
1942.13654	0.00206
1940.70850	0.00213
1939.28046	0.00227
1937.85242	0.00243
1936.42438	0.00257
1934.99634	0.00266
1933.56829	0.00272
1932.14025	0.00280
1930.71221	0.00292
1929.28417	0.00304
1927.85613	0.00307
1926.42809	0.00300
1925.00004	0.00289
1923.57200	0.00284
1922.14396	0.00291
1920.71592	0.00301
1919.28788	0.00302
1917.85984	0.00299
1916.43179	0.00306
1915.00375	0.00320
1913.57571	0.00332
1912.14767	0.00337
1910.71963	0.00338
1909.29159	0.00345
1907.86355	0.00357
1906.43550	0.00369
1905.00746	0.00377
1903.57942	0.00377
1902.15138	0.00373
1900.72334	0.00366
1899.29530	0.00362
1897.86725	0.00360
1896.43921	0.00365
1895.01117	0.00377
1893.58313	0.00390
1892.15509	0.00393
1890.72705	0.00388
1889.29900	0.00385
1887.87096	0.00390
1886.44292	0.00401
1885.01488	0.00409
1883.58684	0.00414
1882.15880	0.00418
1880.73076	0.00419
1879.30271	0.00415
1877.87467	0.00413
1876.44663	0.00415
1875.01859	0.00418
1873.59055	0.00418
1872.16251	0.00407
1870.73446	0.00383
1869.30642	0.00358
1867.87838	0.00359
1866.45034	0.00385
1865.02230	0.00413
1863.59426	0.00431
1862.16622	0.00438
1860.73817	0.00440
1859.31013	0.00447
1857.88209	0.00457
1856.45405	0.00466
1855.02601	0.00468
1853.59797	0.00468
1852.16992	0.00466
1850.74188	0.00465
1849.31384	0.00463
1847.88580	0.00457
1846.45776	0.00447
1845.02972	0.00437
1843.60167	0.00443
1842.17363	0.00463
1840.74559	0.00482
1839.31755	0.00492
1837.88951	0.00498
1836.46147	0.00503
1835.03343	0.00506
1833.60538	0.00506
1832.17734	0.00499
1830.74930	0.00491
1829.32126	0.00495
1827.89322	0.00510
1826.46518	0.00522
1825.03713	0.00531
1823.60909	0.00545
1822.18105	0.00564
1820.75301	0.00579
1819.32497	0.00588
1817.89693	0.00593
1816.46888	0.00596
1815.04084	0.00599
1813.61280	0.00600
1812.18476	0.00600
1810.75672	0.00606
1809.32868	0.00622
1807.90064	0.00640
1806.47259	0.00655
1805.04455	0.00665
1803.61651	0.00665
1802.18847	0.00660
1800.76043	0.00660
1799.33239	0.00668
1797.90434	0.00679
1796.47630	0.00687
1795.04826	0.00685
1793.62022	0.00676
1792.19218	0.00677
1790.76414	0.00701
1789.33609	0.00730
1787.90805	0.00752
1786.48001	0.00764
1785.05197	0.00772
1783.62393	0.00781
1782.19589	0.00789
1780.76785	0.00796
1779.33980	0.00808
1777.91176	0.00822
1776.48372	0.00827
1775.05568	0.00824
1773.62764	0.00816
1772.19960	0.00815
1770.77155	0.00833
1769.34351	0.00861
1767.91547	0.00888
1766.48743	0.00911
1765.05939	0.00925
1763.63135	0.00930
1762.20330	0.00935
1760.77526	0.00951
1759.34722	0.00968
1757.91918	0.00980
1756.49114	0.00992
1755.06310	0.01001
1753.63506	0.01000
1752.20701	0.00992
1750.77897	0.00984
1749.35093	0.00997
1747.92289	0.01036
1746.49485	0.01084
1745.06681	0.01122
1743.63876	0.01147
1742.21072	0.01164
1740.78268	0.01177
1739.35464	0.01195
1737.92660	0.01216
1736.49856	0.01225
1735.07051	0.01231
1733.64247	0.01269
1732.21443	0.01339
1730.78639	0.01409
1729.35835	0.01478
1727.93031	0.01544
1726.50227	0.01605
1725.07422	0.01666
1723.64618	0.01728
1722.21814	0.01781
1720.79010	0.01823
1719.36206	0.01863
1717.93402	0.01945
1716.50597	0.02148
1715.07793	0.02411
1713.64989	0.02643
1712.22185	0.02866
1710.79381	0.03103
1709.36577	0.03355
1707.93772	0.03651
1706.50968	0.04049
1705.08164	0.04521
1703.65360	0.04945
1702.22556	0.05339
1700.79752	0.05869
1699.36948	0.06589
1697.94143	0.07338
1696.51339	0.08114
1695.08535	0.08868
1693.65731	0.09444
1692.22927	0.09903
1690.80123	0.10401
1689.37318	0.10977
1687.94514	0.11518
1686.51710	0.12006
1685.08906	0.12705
1683.66102	0.13765
1682.23298	0.14686
1680.80493	0.15338
1679.37689	0.15908
1677.94885	0.16484
1676.52081	0.17164
1675.09277	0.17999
1673.66473	0.18824
1672.23669	0.19539
1670.80864	0.20366
1669.38060	0.21477
1667.95256	0.22505
1666.52452	0.23241
1665.09648	0.23915
1663.66844	0.24781
1662.24039	0.25863
1660.81235	0.26879
1659.38431	0.27689
1657.95627	0.28374
1656.52823	0.29000
1655.10019	0.29701
1653.67214	0.30882
1652.24410	0.32270
1650.81606	0.33024
1649.38802	0.33497
1647.95998	0.34098
1646.53194	0.34896
1645.10390	0.35540
1643.67585	0.35947
1642.24781	0.36263
1640.81977	0.36535
1639.39173	0.36748
1637.96369	0.36844
1636.53565	0.36662
1635.10760	0.36196
1633.67956	0.35804
1632.25152	0.35512
1630.82348	0.35126
1629.39544	0.34481
1627.96740	0.33571
1626.53935	0.32567
1625.11131	0.31467
1623.68327	0.30083
1622.25523	0.28646
1620.82719	0.27599
1619.39915	0.26807
1617.97111	0.25793
1616.54306	0.24369
1615.11502	0.23123
1613.68698	0.22296
1612.25894	0.21564
1610.83090	0.20704
1609.40286	0.19695
1607.97481	0.18675
1606.54677	0.17793
1605.11873	0.17066
1603.69069	0.16435
1602.26265	0.15877
1600.83461	0.15413
1599.40657	0.15052
1597.97852	0.14760
1596.55048	0.14485
1595.12244	0.14202
1593.69440	0.13931
1592.26636	0.13695
1590.83832	0.13498
1589.41027	0.13351
1587.98223	0.13268
1586.55419	0.13253
1585.12615	0.13303
1583.69811	0.13414
1582.27007	0.13575
1580.84202	0.13770
1579.41398	0.13988
1577.98594	0.14276
1576.55790	0.14748
1575.12986	0.15322
1573.70182	0.15766
1572.27378	0.16139
1570.84573	0.16638
1569.41769	0.17353
1567.98965	0.18083
1566.56161	0.18702
1565.13357	0.19302
1563.70553	0.19887
1562.27748	0.20377
1560.84944	0.20857
1559.42140	0.21794
1557.99336	0.23259
1556.56532	0.24207
1555.13728	0.24875
1553.70923	0.25554
1552.28119	0.26242
1550.85315	0.26958
1549.42511	0.27686
1547.99707	0.28325
1546.56903	0.28856
1545.14099	0.29373
1543.71294	0.29947
1542.28490	0.30594
1540.85686	0.31415
1539.42882	0.32218
1538.00078	0.32696
1536.57274	0.33013
1535.14469	0.33324
1533.71665	0.33690
1532.28861	0.34041
1530.86057	0.34294
1529.43253	0.34487
1528.00449	0.34654
1526.57644	0.34779
1525.14840	0.34869
1523.72036	0.34978
1522.29232	0.35148
1520.86428	0.35415
1519.43624	0.35766
1518.00820	0.36146
1516.58015	0.36495
1515.15211	0.36696
1513.72407	0.36678
1512.29603	0.36487
1510.86799	0.36204
1509.43995	0.35766
1508.01190	0.34577
1506.58386	0.32461
1505.15582	0.31195
1503.72778	0.30607
1502.29974	0.30055
1500.87170	0.29335
1499.44365	0.28347
1498.01561	0.27003
1496.58757	0.25509
1495.15953	0.24357
1493.73149	0.23606
1492.30345	0.22953
1490.87541	0.22040
1489.44736	0.20713
1488.01932	0.19462
1486.59128	0.18649
1485.16324	0.18079
1483.73520	0.17568
1482.30716	0.17035
1480.87911	0.16498
1479.45107	0.16038
1478.02303	0.15677
1476.59499	0.15367
1475.16695	0.15075
1473.73891	0.14802
1472.31086	0.14605
1470.88282	0.14545
1469.45478	0.14567
1468.02674	0.14617
1466.59870	0.14702
1465.17066	0.14869
1463.74262	0.15106
1462.31457	0.15334
1460.88653	0.15529
1459.45849	0.15732
1458.03045	0.16059
1456.60241	0.16535
1455.17437	0.16867
1453.74632	0.17028
1452.31828	0.17109
1450.89024	0.17123
1449.46220	0.17038
1448.03416	0.16826
1446.60612	0.16520
1445.17807	0.16178
1443.75003	0.15813
1442.32199	0.15426
1440.89395	0.15052
1439.46591	0.14702
1438.03787	0.14315
1436.60983	0.13862
1435.18178	0.13500
1433.75374	0.13311
1432.32570	0.13207
1430.89766	0.13133
1429.46962	0.13106
1428.04158	0.13149
1426.61353	0.13255
1425.18549	0.13424
1423.75745	0.13649
1422.32941	0.13892
1420.90137	0.14146
1419.47333	0.14477
1418.04528	0.14886
1416.61724	0.15240
1415.18920	0.15498
1413.76116	0.15698
1412.33312	0.15851
1410.90508	0.15944
1409.47704	0.15964
1408.04899	0.15910
1406.62095	0.15772
1405.19291	0.15548
1403.76487	0.15299
1402.33683	0.15088
1400.90879	0.14910
1399.48074	0.14740
1398.05270	0.14607
1396.62466	0.14558
1395.19662	0.14602
1393.76858	0.14711
1392.34054	0.14845
1390.91249	0.14980
1389.48445	0.15117
1388.05641	0.15264
1386.62837	0.15413
1385.20033	0.15543
1383.77229	0.15650
1382.34425	0.15732
1380.91620	0.15781
1379.48816	0.15791
1378.06012	0.15760
1376.63208	0.15678
1375.20404	0.15525
1373.77600	0.15302
1372.34795	0.15057
1370.91991	0.14798
1369.49187	0.14487
1368.06383	0.14126
1366.63579	0.13774
1365.20775	0.13444
1363.77971	0.13091
1362.35166	0.12716
1360.92362	0.12406
1359.49558	0.12200
1358.06754	0.12057
1356.63950	0.11946
1355.21146	0.11869
1353.78341	0.11840
1352.35537	0.11865
1350.92733	0.11942
1349.49929	0.12075
1348.07125	0.12263
1346.64321	0.12495
1345.21516	0.12756
1343.78712	0.13024
1342.35908	0.13291
1340.93104	0.13572
1339.50300	0.13879
1338.07496	0.14164
1336.64692	0.14374
1335.21887	0.14499
1333.79083	0.14551
1332.36279	0.14531
1330.93475	0.14444
1329.50671	0.14294
1328.07867	0.14092
1326.65062	0.13858
1325.22258	0.13610
1323.79454	0.13370
1322.36650	0.13154
1320.93846	0.12967
1319.51042	0.12816
1318.08237	0.12712
1316.65433	0.12658
1315.22629	0.12646
1313.79825	0.12668
1312.37021	0.12716
1310.94217	0.12782
1309.51413	0.12859
1308.08608	0.12943
1306.65804	0.13034
1305.23000	0.13131
1303.80196	0.13231
1302.37392	0.13334
1300.94588	0.13440
1299.51783	0.13550
1298.08979	0.13663
1296.66175	0.13778
1295.23371	0.13892
1293.80567	0.14005
1292.37763	0.14112
1290.94958	0.14212
1289.52154	0.14307
1288.09350	0.14401
1286.66546	0.14499
1285.23742	0.14606
1283.80938	0.14727
1282.38134	0.14865
1280.95329	0.15024
1279.52525	0.15204
1278.09721	0.15406
1276.66917	0.15627
1275.24113	0.15865
1273.81309	0.16119
1272.38504	0.16389
1270.95700	0.16666
1269.52896	0.16941
1268.10092	0.17209
1266.67288	0.17472
1265.24484	0.17732
1263.81679	0.17992
1262.38875	0.18256
1260.96071	0.18530
1259.53267	0.18814
1258.10463	0.19107
1256.67659	0.19411
1255.24855	0.19734
1253.82050	0.20076
1252.39246	0.20433
1250.96442	0.20799
1249.53638	0.21168
1248.10834	0.21538
1246.68030	0.21901
1245.25225	0.22253
1243.82421	0.22589
1242.39617	0.22902
1240.96813	0.23184
1239.54009	0.23427
1238.11205	0.23624
1236.68400	0.23763
1235.25596	0.23838
1233.82792	0.23842
1232.39988	0.23769
1230.97184	0.23615
1229.54380	0.23378
1228.11576	0.23060
1226.68771	0.22662
1225.25967	0.22190
1223.83163	0.21657
1222.40359	0.21076
1220.97555	0.20455
1219.54751	0.19802
1218.11946	0.19130
1216.69142	0.18458
1215.26338	0.17802
1213.83534	0.17172
1212.40730	0.16574
1210.97926	0.16016
1209.55121	0.15499
1208.12317	0.15014
1206.69513	0.14554
1205.26709	0.14113
1203.83905	0.13691
1202.41101	0.13291
1200.98297	0.12919
1199.55492	0.12580
1198.12688	0.12278
1196.69884	0.12016
1195.27080	0.11795
1193.84276	0.11614
1192.41472	0.11470
1190.98667	0.11360
1189.55863	0.11282
1188.13059	0.11237
1186.70255	0.11224
1185.27451	0.11248
1183.84647	0.11312
1182.41842	0.11421
1180.99038	0.11581
1179.56234	0.11788
1178.13430	0.12032
1176.70626	0.12295
1175.27822	0.12552
1173.85018	0.12780
1172.42213	0.12959
1170.99409	0.13081
1169.56605	0.13153
1168.13801	0.13188
1166.70997	0.13197
1165.28193	0.13183
1163.85388	0.13147
1162.42584	0.13081
1160.99780	0.12986
1159.56976	0.12864
1158.14172	0.12720
1156.71368	0.12561
1155.28563	0.12389
1153.85759	0.12208
1152.42955	0.12017
1151.00151	0.11819
1149.57347	0.11618
1148.14543	0.11420
1146.71739	0.11229
1145.28934	0.11048
1143.86130	0.10879
1142.43326	0.10726
1141.00522	0.10589
1139.57718	0.10470
1138.14914	0.10370
1136.72109	0.10290
1135.29305	0.10228
1133.86501	0.10178
1132.43697	0.10136
1131.00893	0.10106
1129.58089	0.10090
1128.15284	0.10085
1126.72480	0.10087
1125.29676	0.10094
1123.86872	0.10104
1122.44068	0.10116
1121.01264	0.10129
1119.58460	0.10142
1118.15655	0.10155
1116.72851	0.10165
1115.30047	0.10171
1113.87243	0.10174
1112.44439	0.10177
1111.01635	0.10188
1109.58830	0.10211
1108.16026	0.10242
1106.73222	0.10270
1105.30418	0.10280
1103.87614	0.10259
1102.44810	0.10199
1101.02006	0.10098
1099.59201	0.09972
1098.16397	0.09843
1096.73593	0.09731
1095.30789	0.09651
1093.87985	0.09614
1092.45181	0.09628
1091.02376	0.09699
1089.59572	0.09822
1088.16768	0.09990
1086.73964	0.10195
1085.31160	0.10431
1083.88356	0.10687
1082.45551	0.10950
1081.02747	0.11208
1079.59943	0.11457
1078.17139	0.11689
1076.74335	0.11902
1075.31531	0.12089
1073.88727	0.12245
1072.45922	0.12366
1071.03118	0.12452
1069.60314	0.12509
1068.17510	0.12550
1066.74706	0.12584
1065.31902	0.12622
1063.89097	0.12676
1062.46293	0.12755
1061.03489	0.12857
1059.60685	0.12967
1058.17881	0.13068
1056.75077	0.13140
1055.32272	0.13166
1053.89468	0.13134
1052.46664	0.13042
1051.03860	0.12891
1049.61056	0.12692
1048.18252	0.12460
1046.75448	0.12213
1045.32643	0.11967
1043.89839	0.11731
1042.47035	0.11517
1041.04231	0.11331
1039.61427	0.11177
1038.18623	0.11055
1036.75818	0.10965
1035.33014	0.10905
1033.90210	0.10870
1032.47406	0.10853
1031.04602	0.10844
1029.61798	0.10835
1028.18993	0.10822
1026.76189	0.10808
1025.33385	0.10813
1023.90581	0.10871
1022.47777	0.11013
1021.04973	0.11249
1019.62169	0.11559
1018.19364	0.11897
1016.76560	0.12199
1015.33756	0.12403
1013.90952	0.12466
1012.48148	0.12377
1011.05344	0.12152
1009.62539	0.11823
1008.19735	0.11426
1006.76931	0.10996
1005.34127	0.10562
1003.91323	0.10144
1002.48519	0.09756
1001.05714	0.09405
999.62910	0.09090
998.20106	0.08807
996.77302	0.08553
995.34498	0.08321
993.91694	0.08105
992.48890	0.07899
991.06085	0.07707
989.63281	0.07538
988.20477	0.07400
986.77673	0.07291
985.34869	0.07206
983.92065	0.07139
982.49260	0.07086
981.06456	0.07046
979.63652	0.07020
978.20848	0.07005
976.78044	0.06994
975.35240	0.06987
973.92435	0.06985
972.49631	0.06991
971.06827	0.07011
969.64023	0.07046
968.21219	0.07092
966.78415	0.07146
965.35611	0.07206
963.92806	0.07274
962.50002	0.07347
961.07198	0.07422
959.64394	0.07497
958.21590	0.07569
956.78786	0.07640
955.35981	0.07709
953.93177	0.07778
952.50373	0.07845
951.07569	0.07905
949.64765	0.07955
948.21961	0.07993
946.79156	0.08018
945.36352	0.08024
943.93548	0.08005
942.50744	0.07964
941.07940	0.07906
939.65136	0.07838
938.22332	0.07760
936.79527	0.07673
935.36723	0.07582
933.93919	0.07494
932.51115	0.07414
931.08311	0.07341
929.65507	0.07271
928.22702	0.07204
926.79898	0.07140
925.37094	0.07073
923.94290	0.07000
922.51486	0.06922
921.08682	0.06843
919.65877	0.06769
918.23073	0.06702
916.80269	0.06638
915.37465	0.06573
913.94661	0.06509
912.51857	0.06449
911.09053	0.06392
909.66248	0.06343
908.23444	0.06303
906.80640	0.06271
905.37836	0.06242
903.95032	0.06214
902.52228	0.06185
901.09423	0.06160
899.66619	0.06141
898.23815	0.06128
896.81011	0.06119
895.38207	0.06110
893.95403	0.06101
892.52598	0.06092
891.09794	0.06087
889.66990	0.06089
888.24186	0.06098
886.81382	0.06114
885.38578	0.06131
883.95774	0.06151
882.52969	0.06175
881.10165	0.06202
879.67361	0.06230
878.24557	0.06256
876.81753	0.06286
875.38949	0.06325
873.96144	0.06376
872.53340	0.06437
871.10536	0.06506
869.67732	0.06585
868.24928	0.06678
866.82124	0.06789
865.39320	0.06919
863.96515	0.07062
862.53711	0.07211
861.10907	0.07362
859.68103	0.07515
858.25299	0.07667
856.82495	0.07810
855.39690	0.07942
853.96886	0.08060
852.54082	0.08159
851.11278	0.08230
849.68474	0.08268
848.25670	0.08285
846.82865	0.08298
845.40061	0.08327
843.97257	0.08379
842.54453	0.08459
841.11649	0.08564
839.68845	0.08690
838.26041	0.08827
836.83236	0.08965
835.40432	0.09094
833.97628	0.09208
832.54824	0.09304
831.12020	0.09380
829.69216	0.09436
828.26411	0.09475
826.83607	0.09497
825.40803	0.09506
823.97999	0.09506
822.55195	0.09506
821.12391	0.09511
819.69586	0.09527
818.26782	0.09562
816.83978	0.09619
815.41174	0.09696
813.98370	0.09784
812.55566	0.09880
811.12762	0.09981
809.69957	0.10088
808.27153	0.10197
806.84349	0.10305
805.41545	0.10405
803.98741	0.10492
802.55937	0.10561
801.13132	0.10616
799.70328	0.10664
798.27524	0.10714
796.84720	0.10769
795.41916	0.10833
793.99112	0.10908
792.56307	0.10993
791.13503	0.11085
789.70699	0.11183
788.27895	0.11287
786.85091	0.11396
785.42287	0.11510
783.99483	0.11622
782.56678	0.11728
781.13874	0.11830
779.71070	0.11937
778.28266	0.12056
776.85462	0.12184
775.42658	0.12312
773.99853	0.12437
772.57049	0.12562
771.14245	0.12693
769.71441	0.12830
768.28637	0.12970
766.85833	0.13108
765.43028	0.13245
764.00224	0.13381
762.57420	0.13523
761.14616	0.13672
759.71812	0.13828
758.29008	0.13992
756.86204	0.14165
755.43399	0.14345
754.00595	0.14527
752.57791	0.14709
751.14987	0.14892
749.72183	0.15075
748.29379	0.15260
746.86574	0.15443
745.43770	0.15620
744.00966	0.15794
742.58162	0.15964
741.15358	0.16133
739.72554	0.16302
738.29749	0.16468
736.86945	0.16633
735.44141	0.16800
734.01337	0.16968
732.58533	0.17135
731.15729	0.17300
729.72925	0.17465
728.30120	0.17631
726.87316	0.17799
725.44512	0.17966
724.01708	0.18130
722.58904	0.18291
721.16100	0.18457
719.73295	0.18631
718.30491	0.18813
716.87687	0.18996
715.44883	0.19179
714.02079	0.19363
712.59275	0.19549
711.16470	0.19736
709.73666	0.19929
708.30862	0.20131
706.88058	0.20338
705.45254	0.20544
704.02450	0.20747
702.59646	0.20944
701.16841	0.21135
699.74037	0.21319
698.31233	0.21497
696.88429	0.21668
695.45625	0.21831
694.02821	0.21989
692.60016	0.22150
691.17212	0.22320
689.74408	0.22498
688.31604	0.22677
686.88800	0.22848
685.45996	0.23014
684.03191	0.23179
682.60387	0.23348
681.17583	0.23524
679.74779	0.23706
678.31975	0.23891
676.89171	0.24070
675.46367	0.24243
674.03562	0.24404
672.60758	0.24543
671.17954	0.24657
669.75150	0.24780
668.32346	0.24963
666.89542	0.25167
665.46737	0.25318
664.03933	0.25434
662.61129	0.25544
661.18325	0.25652
659.75521	0.25754
658.32717	0.25855
656.89912	0.25958
655.47108	0.26057
654.04304	0.26145
652.61500	0.26221
651.18696	0.26285
649.75892	0.26342
648.33088	0.26399
646.90283	0.26461
645.47479	0.26534
644.04675	0.26612
642.61871	0.26686
641.19067	0.26749
639.76263	0.26799
638.33458	0.26843
636.90654	0.26893
635.47850	0.26952
634.05046	0.27014
632.62242	0.27070
631.19438	0.27118
629.76633	0.27166
628.33829	0.27217
626.91025	0.27275
625.48221	0.27335
624.05417	0.27391
622.62613	0.27443
621.19809	0.27492
619.77004	0.27535
618.34200	0.27572
616.91396	0.27609
615.48592	0.27658
614.05788	0.27724
612.62984	0.27801
611.20179	0.27879
609.77375	0.27954
608.34571	0.28024
606.91767	0.28092
605.48963	0.28161
604.06159	0.28234
602.63355	0.28318
601.20550	0.28413
599.77746	0.28513
598.34942	0.28609
596.92138	0.28705
595.49334	0.28803
594.06530	0.28906
592.63725	0.29022
591.20921	0.29153
589.78117	0.29292
588.35313	0.29430
586.92509	0.29571
585.49705	0.29724
584.06900	0.29887
582.64096	0.30053
581.21292	0.30220
579.78488	0.30396
578.35684	0.30584
576.92880	0.30782
575.50076	0.30987
574.07271	0.31190
572.64467	0.31394
571.21663	0.31609
569.78859	0.31841
568.36055	0.32084
566.93251	0.32326
565.50446	0.32562
564.07642	0.32798
562.64838	0.33048
561.22034	0.33316
559.79230	0.33593
558.36426	0.33861
556.93621	0.34111
555.50817	0.34351
554.08013	0.34587
552.65209	0.34820
551.22405	0.35042
549.79601	0.35250
548.36797	0.35440
546.93992	0.35616
545.51188	0.35783
544.08384	0.35939
542.65580	0.36068
541.22776	0.36158
539.79972	0.36214
538.37167	0.36254
536.94363	0.36297
535.51559	0.36345
534.08755	0.36395
532.65951	0.36434
531.23147	0.36448
529.80342	0.36433
528.37538	0.36403
526.94734	0.36390
525.51930	0.36415
524.09126	0.36469
522.66322	0.36526
521.23518	0.36578
519.80713	0.36636
518.37909	0.36709
516.95105	0.36796
515.52301	0.36886
514.09497	0.36970
512.66693	0.37047
511.23888	0.37116
509.81084	0.37165
508.38280	0.37186
506.95476	0.37180
505.52672	0.37156
504.09868	0.37124
502.67063	0.37093
501.24259	0.37072
499.81455	0.37064
498.38651	0.37073
496.95847	0.37099
495.53043	0.37137
494.10239	0.37176
492.67434	0.37216
491.24630	0.37259
489.81826	0.37294
488.39022	0.37289
486.96218	0.37215
485.53414	0.37071
484.10609	0.36898
482.67805	0.36752
481.25001	0.36648
479.82197	0.36559
478.39393	0.36460
476.96589	0.36349
475.53784	0.36243
474.10980	0.36159
472.68176	0.36099
471.25372	0.36036
469.82568	0.35942
468.39764	0.35824
466.96960	0.35717
465.54155	0.35645
464.11351	0.35593
462.68547	0.35531
461.25743	0.35453
459.82939	0.35364
458.40135	0.35255
456.97330	0.35117
455.54526	0.34960
454.11722	0.34807
452.68918	0.34683
451.26114	0.34607
449.83310	0.34557
448.40505	0.34495
446.97701	0.34407
445.54897	0.34308
444.12093	0.34201
442.69289	0.34093
441.26485	0.34014
439.83681	0.33976
438.40876	0.33939
436.98072	0.33877
435.55268	0.33814
434.12464	0.33784
432.69660	0.33781
431.26856	0.33779
429.84051	0.33758
428.41247	0.33719
426.98443	0.33678
425.55639	0.33650
424.12835	0.33618
422.70031	0.33541
421.27226	0.33403
419.84422	0.33232
418.41618	0.33170
416.98814	0.33282
415.56010	0.33434
414.13206	0.33550
412.70402	0.33610
411.27597	0.33611
409.84793	0.33574
408.41989	0.33528
406.99185	0.33484
405.56381	0.33427
404.13577	0.33339
402.70772	0.33220
401.27968	0.33086
399.85164	0.32931
