3998.51641	0.00372
3997.08837	0.00368
3995.66033	0.00365
3994.23229	0.00365
3992.80425	0.00371
3991.37620	0.00382
3989.94816	0.00388
3988.52012	0.00384
3987.09208	0.00375
3985.66404	0.00367
3984.23600	0.00364
3982.80796	0.00365
3981.37991	0.00365
3979.95187	0.00365
3978.52383	0.00364
3977.09579	0.00365
3975.66775	0.00366
3974.23971	0.00365
3972.81166	0.00362
3971.38362	0.00360
3969.95558	0.00358
3968.52754	0.00357
3967.09950	0.00359
3965.67146	0.00365
3964.24341	0.00369
3962.81537	0.00370
3961.38733	0.00366
3959.95929	0.00359
3958.53125	0.00353
3957.10321	0.00350
3955.67517	0.00351
3954.24712	0.00353
3952.81908	0.00355
3951.39104	0.00355
3949.96300	0.00351
3948.53496	0.00343
3947.10692	0.00334
3945.67887	0.00330
3944.25083	0.00331
3942.82279	0.00335
3941.39475	0.00338
3939.96671	0.00340
3938.53867	0.00341
3937.11062	0.00343
3935.68258	0.00345
3934.25454	0.00344
3932.82650	0.00339
3931.39846	0.00332
3929.97042	0.00327
3928.54238	0.00326
3927.11433	0.00327
3925.68629	0.00325
3924.25825	0.00320
3922.83021	0.00318
3921.40217	0.00319
3919.97413	0.00321
3918.54608	0.00319
3917.11804	0.00314
3915.69000	0.00313
3914.26196	0.00317
3912.83392	0.00324
3911.40588	0.00327
3909.97783	0.00327
3908.54979	0.00325
3907.12175	0.00322
3905.69371	0.00312
3904.26567	0.00295
3902.83763	0.00280
3901.40959	0.00276
3899.98154	0.00279
3898.55350	0.00288
3897.12546	0.00298
3895.69742	0.00308
3894.26938	0.00315
3892.84134	0.00317
3891.41329	0.00311
3889.98525	0.00302
3888.55721	0.00291
3887.12917	0.00282
3885.70113	0.00280
3884.27309	0.00285
3882.84504	0.00291
3881.41700	0.00290
3879.98896	0.00286
3878.56092	0.00285
3877.13288	0.00288
3875.70484	0.00286
3874.27680	0.00277
3872.84875	0.00263
3871.42071	0.00251
3869.99267	0.00252
3868.56463	0.00268
3867.13659	0.00287
3865.70855	0.00297
3864.28050	0.00293
3862.85246	0.00283
3861.42442	0.00277
3859.99638	0.00274
3858.56834	0.00272
3857.14030	0.00265
3855.71226	0.00253
3854.28421	0.00237
3852.85617	0.00236
3851.42813	0.00248
3850.00009	0.00260
3848.57205	0.00267
3847.14401	0.00272
3845.71596	0.00275
3844.28792	0.00272
3842.85988	0.00265
3841.43184	0.00252
3840.00380	0.00236
3838.57576	0.00222
3837.14771	0.00221
3835.71967	0.00233
3834.29163	0.00249
3832.86359	0.00261
3831.43555	0.00267
3830.00751	0.00265
3828.57947	0.00258
3827.15142	0.00250
3825.72338	0.00244
3824.29534	0.00241
3822.86730	0.00234
3821.43926	0.00224
3820.01122	0.00219
3818.58317	0.00222
3817.15513	0.00227
3815.72709	0.00234
3814.29905	0.00245
3812.87101	0.00257
3811.44297	0.00265
3810.01492	0.00267
3808.58688	0.00262
3807.15884	0.00252
3805.73080	0.00245
3804.30276	0.00240
3802.87472	0.00233
3801.44668	0.00224
3800.01863	0.00224
3798.59059	0.00232
3797.16255	0.00240
3795.73451	0.00245
3794.30647	0.00250
3792.87843	0.00255
3791.45038	0.00262
3790.02234	0.00268
3788.59430	0.00271
3787.16626	0.00269
3785.73822	0.00266
3784.31018	0.00265
3782.88213	0.00265
3781.45409	0.00263
3780.02605	0.00259
3778.59801	0.00259
3777.16997	0.00262
3775.74193	0.00264
3774.31389	0.00265
3772.88584	0.00264
3771.45780	0.00260
3770.02976	0.00251
3768.60172	0.00245
3767.17368	0.00246
3765.74564	0.00252
3764.31759	0.00260
3762.88955	0.00266
3761.46151	0.00267
3760.03347	0.00264
3758.60543	0.00263
3757.17739	0.00264
3755.74934	0.00265
3754.32130	0.00259
3752.89326	0.00246
3751.46522	0.00225
3750.03718	0.00215
3748.60914	0.00220
3747.18110	0.00227
3745.75305	0.00230
3744.32501	0.00232
3742.89697	0.00240
3741.46893	0.00255
3740.04089	0.00268
3738.61285	0.00273
3737.18480	0.00259
3735.75676	0.00231
3734.32872	0.00218
3732.90068	0.00234
3731.47264	0.00256
3730.04460	0.00272
3728.61655	0.00283
3727.18851	0.00290
3725.76047	0.00292
3724.33243	0.00283
3722.90439	0.00271
3721.47635	0.00265
3720.04831	0.00269
3718.62026	0.00281
3717.19222	0.00290
3715.76418	0.00292
3714.33614	0.00283
3712.90810	0.00268
3711.48006	0.00263
3710.05201	0.00279
3708.62397	0.00300
3707.19593	0.00315
3705.76789	0.00323
3704.33985	0.00328
3702.91181	0.00332
3701.48376	0.00342
3700.05572	0.00355
3698.62768	0.00365
3697.19964	0.00368
3695.77160	0.00366
3694.34356	0.00363
3692.91552	0.00360
3691.48747	0.00357
3690.05943	0.00358
3688.63139	0.00370
3687.20335	0.00388
3685.77531	0.00403
3684.34727	0.00412
3682.91922	0.00419
3681.49118	0.00425
3680.06314	0.00430
3678.63510	0.00431
3677.20706	0.00427
3675.77902	0.00434
3674.35097	0.00458
3672.92293	0.00476
3671.49489	0.00481
3670.06685	0.00490
3668.63881	0.00524
3667.21077	0.00566
3665.78273	0.00602
3664.35468	0.00631
3662.92664	0.00655
3661.49860	0.00677
3660.07056	0.00700
3658.64252	0.00723
3657.21448	0.00747
3655.78643	0.00773
3654.35839	0.00795
3652.93035	0.00810
3651.50231	0.00816
3650.07427	0.00823
3648.64623	0.00859
3647.21818	0.00912
3645.79014	0.00955
3644.36210	0.00988
3642.93406	0.01019
3641.50602	0.01054
3640.07798	0.01091
3638.64994	0.01126
3637.22189	0.01157
3635.79385	0.01187
3634.36581	0.01217
3632.93777	0.01243
3631.50973	0.01263
3630.08169	0.01286
3628.65364	0.01328
3627.22560	0.01383
3625.79756	0.01429
3624.36952	0.01466
3622.94148	0.01496
3621.51344	0.01518
3620.08539	0.01536
3618.65735	0.01560
3617.22931	0.01593
3615.80127	0.01628
3614.37323	0.01660
3612.94519	0.01695
3611.51715	0.01734
3610.08910	0.01776
3608.66106	0.01821
3607.23302	0.01868
3605.80498	0.01915
3604.37694	0.01958
3602.94890	0.01998
3601.52085	0.02033
3600.09281	0.02066
3598.66477	0.02101
3597.23673	0.02141
3595.80869	0.02182
3594.38065	0.02224
3592.95261	0.02264
3591.52456	0.02300
3590.09652	0.02335
3588.66848	0.02375
3587.24044	0.02423
3585.81240	0.02473
3584.38436	0.02524
3582.95631	0.02574
3581.52827	0.02625
3580.10023	0.02674
3578.67219	0.02716
3577.24415	0.02751
3575.81611	0.02789
3574.38806	0.02837
3572.96002	0.02890
3571.53198	0.02941
3570.10394	0.02982
3568.67590	0.03011
3567.24786	0.03044
3565.81982	0.03096
3564.39177	0.03157
3562.96373	0.03212
3561.53569	0.03260
3560.10765	0.03305
3558.67961	0.03351
3557.25157	0.03399
3555.82352	0.03447
3554.39548	0.03493
3552.96744	0.03540
3551.53940	0.03592
3550.11136	0.03645
3548.68332	0.03693
3547.25527	0.03734
3545.82723	0.03773
3544.39919	0.03818
3542.97115	0.03869
3541.54311	0.03921
3540.11507	0.03973
3538.68703	0.04021
3537.25898	0.04065
3535.83094	0.04108
3534.40290	0.04151
3532.97486	0.04193
3531.54682	0.04235
3530.11878	0.04277
3528.69073	0.04319
3527.26269	0.04360
3525.83465	0.04397
3524.40661	0.04433
3522.97857	0.04474
3521.55053	0.04522
3520.12248	0.04570
3518.69444	0.04614
3517.26640	0.04652
3515.83836	0.04689
3514.41032	0.04727
3512.98228	0.04768
3511.55424	0.04806
3510.12619	0.04840
3508.69815	0.04872
3507.27011	0.04904
3505.84207	0.04937
3504.41403	0.04966
3502.98599	0.04992
3501.55794	0.05019
3500.12990	0.05053
3498.70186	0.05091
3497.27382	0.05128
3495.84578	0.05164
3494.41774	0.05195
3492.98969	0.05222
3491.56165	0.05248
3490.13361	0.05277
3488.70557	0.05308
3487.27753	0.05340
3485.84949	0.05372
3484.42145	0.05405
3482.99340	0.05435
3481.56536	0.05459
3480.13732	0.05479
3478.70928	0.05501
3477.28124	0.05526
3475.85320	0.05553
3474.42515	0.05579
3472.99711	0.05604
3471.56907	0.05630
3470.14103	0.05654
3468.71299	0.05678
3467.28495	0.05702
3465.85690	0.05730
3464.42886	0.05760
3463.00082	0.05788
3461.57278	0.05811
3460.14474	0.05833
3458.71670	0.05858
3457.28866	0.05887
3455.86061	0.05920
3454.43257	0.05953
3453.00453	0.05984
3451.57649	0.06009
3450.14845	0.06028
3448.72041	0.06041
3447.29236	0.06054
3445.86432	0.06074
3444.43628	0.06100
3443.00824	0.06130
3441.58020	0.06158
3440.15216	0.06185
3438.72411	0.06214
3437.29607	0.06248
3435.86803	0.06285
3434.43999	0.06320
3433.01195	0.06353
3431.58391	0.06386
3430.15587	0.06421
3428.72782	0.06460
3427.29978	0.06502
3425.87174	0.06547
3424.44370	0.06595
3423.01566	0.06638
3421.58762	0.06674
3420.15957	0.06711
3418.73153	0.06754
3417.30349	0.06802
3415.87545	0.06850
3414.44741	0.06894
3413.01937	0.06934
3411.59132	0.06972
3410.16328	0.07012
3408.73524	0.07052
3407.30720	0.07093
3405.87916	0.07135
3404.45112	0.07179
3403.02308	0.07227
3401.59503	0.07278
3400.16699	0.07330
3398.73895	0.07381
3397.31091	0.07431
3395.88287	0.07481
3394.45483	0.07531
3393.02678	0.07580
3391.59874	0.07628
3390.17070	0.07675
3388.74266	0.07722
3387.31462	0.07772
3385.88658	0.07823
3384.45853	0.07876
3383.03049	0.07932
3381.60245	0.07992
3380.17441	0.08055
3378.74637	0.08122
3377.31833	0.08189
3375.89029	0.08259
3374.46224	0.08329
3373.03420	0.08400
3371.60616	0.08473
3370.17812	0.08549
3368.75008	0.08628
3367.32204	0.08708
3365.89399	0.08788
3364.46595	0.08865
3363.03791	0.08944
3361.60987	0.09026
3360.18183	0.09110
3358.75379	0.09195
3357.32575	0.09284
3355.89770	0.09384
3354.46966	0.09494
3353.04162	0.09613
3351.61358	0.09737
3350.18554	0.09857
3348.75750	0.09970
3347.32945	0.10082
3345.90141	0.10205
3344.47337	0.10344
3343.04533	0.10490
3341.61729	0.10635
3340.18925	0.10778
3338.76120	0.10920
3337.33316	0.11054
3335.90512	0.11180
3334.47708	0.11305
3333.04904	0.11441
3331.62100	0.11590
3330.19296	0.11751
3328.76491	0.11922
3327.33687	0.12097
3325.90883	0.12270
3324.48079	0.12432
3323.05275	0.12585
3321.62471	0.12737
3320.19666	0.12893
3318.76862	0.13056
3317.34058	0.13225
3315.91254	0.13400
3314.48450	0.13583
3313.05646	0.13775
3311.62841	0.13975
3310.20037	0.14181
3308.77233	0.14390
3307.34429	0.14595
3305.91625	0.14792
3304.48821	0.14976
3303.06017	0.15153
3301.63212	0.15331
3300.20408	0.15523
3298.77604	0.15733
3297.34800	0.15952
3295.91996	0.16168
3294.49192	0.16371
3293.06387	0.16555
3291.63583	0.16715
3290.20779	0.16858
3288.77975	0.16992
3287.35171	0.17127
3285.92367	0.17260
3284.49562	0.17383
3283.06758	0.17488
3281.63954	0.17574
3280.21150	0.17643
3278.78346	0.17695
3277.35542	0.17728
3275.92738	0.17734
3274.49933	0.17708
3273.07129	0.17650
3271.64325	0.17562
3270.21521	0.17440
3268.78717	0.17278
3267.35913	0.17089
3265.93108	0.16887
3264.50304	0.16684
3263.07500	0.16478
3261.64696	0.16269
3260.21892	0.16063
3258.79088	0.15866
3257.36283	0.15674
3255.93479	0.15470
3254.50675	0.15249
3253.07871	0.15027
3251.65067	0.14828
3250.22263	0.14660
3248.79459	0.14514
3247.36654	0.14366
3245.93850	0.14197
3244.51046	0.14011
3243.08242	0.13829
3241.65438	0.13665
3240.22634	0.13519
3238.79829	0.13391
3237.37025	0.13280
3235.94221	0.13181
3234.51417	0.13079
3233.08613	0.12958
3231.65809	0.12814
3230.23004	0.12658
3228.80200	0.12507
3227.37396	0.12372
3225.94592	0.12251
3224.51788	0.12139
3223.08984	0.12029
3221.66180	0.11919
3220.23375	0.11809
3218.80571	0.11698
3217.37767	0.11584
3215.94963	0.11466
3214.52159	0.11346
3213.09355	0.11223
3211.66550	0.11100
3210.23746	0.10979
3208.80942	0.10862
3207.38138	0.10746
3205.95334	0.10630
3204.52530	0.10511
3203.09725	0.10391
3201.66921	0.10271
3200.24117	0.10150
3198.81313	0.10026
3197.38509	0.09902
3195.95705	0.09783
3194.52901	0.09671
3193.10096	0.09561
3191.67292	0.09451
3190.24488	0.09337
3188.81684	0.09219
3187.38880	0.09097
3185.96076	0.08977
3184.53271	0.08868
3183.10467	0.08767
3181.67663	0.08667
3180.24859	0.08563
3178.82055	0.08453
3177.39251	0.08343
3175.96446	0.08239
3174.53642	0.08141
3173.10838	0.08046
3171.68034	0.07951
3170.25230	0.07856
3168.82426	0.07762
3167.39622	0.07668
3165.96817	0.07575
3164.54013	0.07481
3163.11209	0.07390
3161.68405	0.07303
3160.25601	0.07222
3158.82797	0.07146
3157.39992	0.07076
3155.97188	0.07013
3154.54384	0.06954
3153.11580	0.06892
3151.68776	0.06821
3150.25972	0.06742
3148.83167	0.06659
3147.40363	0.06579
3145.97559	0.06507
3144.54755	0.06450
3143.11951	0.06407
3141.69147	0.06375
3140.26343	0.06345
3138.83538	0.06304
3137.40734	0.06252
3135.97930	0.06195
3134.55126	0.06145
3133.12322	0.06111
3131.69518	0.06090
3130.26713	0.06071
3128.83909	0.06044
3127.41105	0.06013
3125.98301	0.05992
3124.55497	0.05990
3123.12693	0.06003
3121.69888	0.06021
3120.27084	0.06037
3118.84280	0.06051
3117.41476	0.06063
3115.98672	0.06073
3114.55868	0.06078
3113.13064	0.06086
3111.70259	0.06102
3110.27455	0.06127
3108.84651	0.06156
3107.41847	0.06179
3105.99043	0.06200
3104.56239	0.06228
3103.13434	0.06273
3101.70630	0.06334
3100.27826	0.06395
3098.85022	0.06441
3097.42218	0.06475
3095.99414	0.06515
3094.56610	0.06577
3093.13805	0.06661
3091.71001	0.06751
3090.28197	0.06830
3088.85393	0.06894
3087.42589	0.06950
3085.99785	0.07007
3084.56980	0.07063
3083.14176	0.07109
3081.71372	0.07146
3080.28568	0.07174
3078.85764	0.07191
3077.42960	0.07187
3076.00155	0.07163
3074.57351	0.07129
3073.14547	0.07100
3071.71743	0.07086
3070.28939	0.07082
3068.86135	0.07073
3067.43331	0.07044
3066.00526	0.06985
3064.57722	0.06904
3063.14918	0.06815
3061.72114	0.06729
3060.29310	0.06657
3058.86506	0.06602
3057.43701	0.06553
3056.00897	0.06494
3054.58093	0.06421
3053.15289	0.06343
3051.72485	0.06261
3050.29681	0.06174
3048.86876	0.06086
3047.44072	0.06008
3046.01268	0.05944
3044.58464	0.05881
3043.15660	0.05804
3041.72856	0.05710
3040.30052	0.05606
3038.87247	0.05509
3037.44443	0.05432
3036.01639	0.05376
3034.58835	0.05324
3033.16031	0.05257
3031.73227	0.05174
3030.30422	0.05086
3028.87618	0.05008
3027.44814	0.04948
3026.02010	0.04901
3024.59206	0.04856
3023.16402	0.04807
3021.73597	0.04761
3020.30793	0.04723
3018.87989	0.04689
3017.45185	0.04654
3016.02381	0.04618
3014.59577	0.04584
3013.16773	0.04546
3011.73968	0.04500
3010.31164	0.04443
3008.88360	0.04385
3007.45556	0.04342
3006.02752	0.04325
3004.59948	0.04329
3003.17143	0.04345
3001.74339	0.04367
3000.31535	0.04402
2998.88731	0.04446
2997.45927	0.04493
2996.03123	0.04538
2994.60318	0.04589
2993.17514	0.04646
2991.74710	0.04699
2990.31906	0.04745
2988.89102	0.04792
2987.46298	0.04848
2986.03494	0.04910
2984.60689	0.04968
2983.17885	0.05015
2981.75081	0.05041
2980.32277	0.05039
2978.89473	0.05011
2977.46669	0.04969
2976.03864	0.04927
2974.61060	0.04889
2973.18256	0.04848
2971.75452	0.04805
2970.32648	0.04764
2968.89844	0.04733
2967.47039	0.04712
2966.04235	0.04697
2964.61431	0.04682
2963.18627	0.04661
2961.75823	0.04629
2960.33019	0.04593
2958.90215	0.04564
2957.47410	0.04551
2956.04606	0.04556
2954.61802	0.04576
2953.18998	0.04603
2951.76194	0.04637
2950.33390	0.04681
2948.90585	0.04745
2947.47781	0.04826
2946.04977	0.04914
2944.62173	0.05001
2943.19369	0.05080
2941.76565	0.05150
2940.33760	0.05210
2938.90956	0.05264
2937.48152	0.05307
2936.05348	0.05337
2934.62544	0.05355
2933.19740	0.05360
2931.76936	0.05350
2930.34131	0.05316
2928.91327	0.05253
2927.48523	0.05164
2926.05719	0.05058
2924.62915	0.04944
2923.20111	0.04831
2921.77306	0.04728
2920.34502	0.04639
2918.91698	0.04560
2917.48894	0.04480
2916.06090	0.04394
2914.63286	0.04306
2913.20481	0.04221
2911.77677	0.04135
2910.34873	0.04047
2908.92069	0.03959
2907.49265	0.03882
2906.06461	0.03822
2904.63657	0.03774
2903.20852	0.03729
2901.78048	0.03685
2900.35244	0.03650
2898.92440	0.03628
2897.49636	0.03616
2896.06832	0.03603
2894.64027	0.03582
2893.21223	0.03557
2891.78419	0.03538
2890.35615	0.03529
2888.92811	0.03528
2887.50007	0.03533
2886.07202	0.03544
2884.64398	0.03560
2883.21594	0.03575
2881.78790	0.03583
2880.35986	0.03585
2878.93182	0.03582
2877.50378	0.03578
2876.07573	0.03570
2874.64769	0.03549
2873.21965	0.03507
2871.79161	0.03445
2870.36357	0.03371
2868.93553	0.03299
2867.50748	0.03233
2866.07944	0.03174
2864.65140	0.03124
2863.22336	0.03084
2861.79532	0.03055
2860.36728	0.03028
2858.93924	0.02997
2857.51119	0.02962
2856.08315	0.02930
2854.65511	0.02902
2853.22707	0.02879
2851.79903	0.02862
2850.37099	0.02851
2848.94294	0.02840
2847.51490	0.02822
2846.08686	0.02796
2844.65882	0.02772
2843.23078	0.02762
2841.80274	0.02766
2840.37469	0.02775
2838.94665	0.02779
2837.51861	0.02774
2836.09057	0.02764
2834.66253	0.02752
2833.23449	0.02738
2831.80645	0.02723
2830.37840	0.02709
2828.95036	0.02698
2827.52232	0.02692
2826.09428	0.02690
2824.66624	0.02690
2823.23820	0.02689
2821.81015	0.02685
2820.38211	0.02678
2818.95407	0.02670
2817.52603	0.02661
2816.09799	0.02654
2814.66995	0.02648
2813.24190	0.02647
2811.81386	0.02649
2810.38582	0.02646
2808.95778	0.02633
2807.52974	0.02613
2806.10170	0.02592
2804.67366	0.02575
2803.24561	0.02565
2801.81757	0.02563
2800.38953	0.02566
2798.96149	0.02566
2797.53345	0.02556
2796.10541	0.02537
2794.67736	0.02515
2793.24932	0.02497
2791.82128	0.02484
2790.39324	0.02470
2788.96520	0.02450
2787.53716	0.02421
2786.10911	0.02389
2784.68107	0.02358
2783.25303	0.02332
2781.82499	0.02307
2780.39695	0.02284
2778.96891	0.02268
2777.54087	0.02260
2776.11282	0.02254
2774.68478	0.02239
2773.25674	0.02209
2771.82870	0.02169
2770.40066	0.02131
2768.97262	0.02101
2767.54457	0.02080
2766.11653	0.02063
2764.68849	0.02045
2763.26045	0.02025
2761.83241	0.02005
2760.40437	0.01988
2758.97632	0.01973
2757.54828	0.01957
2756.12024	0.01940
2754.69220	0.01924
2753.26416	0.01915
2751.83612	0.01913
2750.40808	0.01911
2748.98003	0.01904
2747.55199	0.01886
2746.12395	0.01861
2744.69591	0.01834
2743.26787	0.01810
2741.83983	0.01793
2740.41178	0.01780
2738.98374	0.01770
2737.55570	0.01757
2736.12766	0.01741
2734.69962	0.01724
2733.27158	0.01709
2731.84353	0.01696
2730.41549	0.01688
2728.98745	0.01684
2727.55941	0.01683
2726.13137	0.01679
2724.70333	0.01669
2723.27529	0.01652
2721.84724	0.01633
2720.41920	0.01615
2718.99116	0.01601
2717.56312	0.01589
2716.13508	0.01580
2714.70704	0.01572
2713.27899	0.01566
2711.85095	0.01564
2710.42291	0.01561
2708.99487	0.01556
2707.56683	0.01547
2706.13879	0.01537
2704.71074	0.01526
2703.28270	0.01517
2701.85466	0.01510
2700.42662	0.01505
2698.99858	0.01500
2697.57054	0.01494
2696.14250	0.01488
2694.71445	0.01482
2693.28641	0.01476
2691.85837	0.01470
2690.43033	0.01464
2689.00229	0.01457
2687.57425	0.01448
2686.14620	0.01440
2684.71816	0.01436
2683.29012	0.01439
2681.86208	0.01447
2680.43404	0.01451
2679.00600	0.01444
2677.57795	0.01428
2676.14991	0.01410
2674.72187	0.01394
2673.29383	0.01381
2671.86579	0.01368
2670.43775	0.01355
2669.00971	0.01345
2667.58166	0.01336
2666.15362	0.01330
2664.72558	0.01327
2663.29754	0.01325
2661.86950	0.01323
2660.44146	0.01318
2659.01341	0.01310
2657.58537	0.01301
2656.15733	0.01292
2654.72929	0.01284
2653.30125	0.01275
2651.87321	0.01265
2650.44516	0.01254
2649.01712	0.01247
2647.58908	0.01243
2646.16104	0.01239
2644.73300	0.01233
2643.30496	0.01228
2641.87692	0.01225
2640.44887	0.01225
2639.02083	0.01222
2637.59279	0.01217
2636.16475	0.01210
2634.73671	0.01205
2633.30867	0.01201
2631.88062	0.01196
2630.45258	0.01190
2629.02454	0.01183
2627.59650	0.01176
2626.16846	0.01169
2624.74042	0.01161
2623.31237	0.01149
2621.88433	0.01137
2620.45629	0.01128
2619.02825	0.01122
2617.60021	0.01118
2616.17217	0.01113
2614.74413	0.01106
2613.31608	0.01099
2611.88804	0.01094
2610.46000	0.01087
2609.03196	0.01078
2607.60392	0.01067
2606.17588	0.01059
2604.74783	0.01053
2603.31979	0.01045
2601.89175	0.01034
2600.46371	0.01023
2599.03567	0.01012
2597.60763	0.01002
2596.17959	0.00992
2594.75154	0.00981
2593.32350	0.00967
2591.89546	0.00953
2590.46742	0.00943
2589.03938	0.00938
2587.61134	0.00933
2586.18329	0.00927
2584.75525	0.00919
2583.32721	0.00913
2581.89917	0.00905
2580.47113	0.00895
2579.04309	0.00883
2577.61504	0.00874
2576.18700	0.00866
2574.75896	0.00857
2573.33092	0.00845
2571.90288	0.00831
2570.47484	0.00820
2569.04680	0.00810
2567.61875	0.00802
2566.19071	0.00793
2564.76267	0.00782
2563.33463	0.00770
2561.90659	0.00760
2560.47855	0.00752
2559.05050	0.00742
2557.62246	0.00732
2556.19442	0.00722
2554.76638	0.00716
2553.33834	0.00712
2551.91030	0.00708
2550.48225	0.00705
2549.05421	0.00701
2547.62617	0.00698
2546.19813	0.00697
2544.77009	0.00697
2543.34205	0.00699
2541.91401	0.00701
2540.48596	0.00701
2539.05792	0.00693
2537.62988	0.00681
2536.20184	0.00670
2534.77380	0.00664
2533.34576	0.00659
2531.91771	0.00650
2530.48967	0.00641
2529.06163	0.00634
2527.63359	0.00631
2526.20555	0.00631
2524.77751	0.00633
2523.34946	0.00638
2521.92142	0.00644
2520.49338	0.00645
2519.06534	0.00640
2517.63730	0.00631
2516.20926	0.00624
2514.78122	0.00621
2513.35317	0.00616
2511.92513	0.00609
2510.49709	0.00599
2509.06905	0.00593
2507.64101	0.00592
2506.21297	0.00591
2504.78492	0.00587
2503.35688	0.00581
2501.92884	0.00578
2500.50080	0.00576
2499.07276	0.00571
2497.64472	0.00562
2496.21667	0.00553
2494.78863	0.00550
2493.36059	0.00550
2491.93255	0.00551
2490.50451	0.00550
2489.07647	0.00545
2487.64843	0.00538
2486.22038	0.00532
2484.79234	0.00526
2483.36430	0.00524
2481.93626	0.00523
2480.50822	0.00521
2479.08018	0.00514
2477.65213	0.00505
2476.22409	0.00496
2474.79605	0.00489
2473.36801	0.00482
2471.93997	0.00475
2470.51193	0.00471
2469.08388	0.00470
2467.65584	0.00469
2466.22780	0.00466
2464.79976	0.00458
2463.37172	0.00449
2461.94368	0.00443
2460.51564	0.00443
2459.08759	0.00446
2457.65955	0.00448
2456.23151	0.00448
2454.80347	0.00447
2453.37543	0.00445
2451.94739	0.00442
2450.51934	0.00439
2449.09130	0.00437
2447.66326	0.00439
2446.23522	0.00441
2444.80718	0.00441
2443.37914	0.00441
2441.95109	0.00441
2440.52305	0.00443
2439.09501	0.00447
2437.66697	0.00450
2436.23893	0.00453
2434.81089	0.00456
2433.38285	0.00458
2431.95480	0.00459
2430.52676	0.00460
2429.09872	0.00462
2427.67068	0.00465
2426.24264	0.00471
2424.81460	0.00476
2423.38655	0.00479
2421.95851	0.00478
2420.53047	0.00476
2419.10243	0.00473
2417.67439	0.00469
2416.24635	0.00465
2414.81830	0.00465
2413.39026	0.00470
2411.96222	0.00476
2410.53418	0.00477
2409.10614	0.00472
2407.67810	0.00467
2406.25006	0.00464
2404.82201	0.00462
2403.39397	0.00459
2401.96593	0.00456
2400.53789	0.00456
2399.10985	0.00460
2397.68181	0.00468
2396.25376	0.00473
2394.82572	0.00472
2393.39768	0.00468
2391.96964	0.00468
2390.54160	0.00472
2389.11356	0.00479
2387.68551	0.00485
2386.25747	0.00489
2384.82943	0.00489
2383.40139	0.00485
2381.97335	0.00478
2380.54531	0.00469
2379.11727	0.00460
2377.68922	0.00451
2376.26118	0.00441
2374.83314	0.00426
2373.40510	0.00398
2371.97706	0.00354
2370.54902	0.00302
2369.12097	0.00247
2367.69293	0.00179
2366.26489	0.00095
2364.83685	0.00010
2363.40881	-0.00062
2361.98077	-0.00115
2360.55273	-0.00134
2359.12468	-0.00101
2357.69664	-0.00023
2356.26860	0.00075
2354.84056	0.00177
2353.41252	0.00280
2351.98448	0.00368
2350.55643	0.00424
2349.12839	0.00441
2347.70035	0.00421
2346.27231	0.00370
2344.84427	0.00303
2343.41623	0.00252
2341.98818	0.00234
2340.56014	0.00247
2339.13210	0.00277
2337.70406	0.00306
2336.27602	0.00320
2334.84798	0.00323
2333.41994	0.00329
2331.99189	0.00350
2330.56385	0.00382
2329.13581	0.00415
2327.70777	0.00439
2326.27973	0.00456
2324.85169	0.00467
2323.42364	0.00470
2321.99560	0.00466
2320.56756	0.00462
2319.13952	0.00465
2317.71148	0.00474
2316.28344	0.00480
2314.85539	0.00478
2313.42735	0.00470
2311.99931	0.00465
2310.57127	0.00466
2309.14323	0.00468
2307.71519	0.00467
2306.28715	0.00465
2304.85910	0.00467
2303.43106	0.00472
2302.00302	0.00476
2300.57498	0.00476
2299.14694	0.00476
2297.71890	0.00476
2296.29085	0.00474
2294.86281	0.00469
2293.43477	0.00461
2292.00673	0.00456
2290.57869	0.00454
2289.15065	0.00458
2287.72260	0.00464
2286.29456	0.00465
2284.86652	0.00457
2283.43848	0.00442
2282.01044	0.00425
2280.58240	0.00410
2279.15436	0.00397
2277.72631	0.00387
2276.29827	0.00378
2274.87023	0.00372
2273.44219	0.00366
2272.01415	0.00362
2270.58611	0.00358
2269.15806	0.00355
2267.73002	0.00351
2266.30198	0.00348
2264.87394	0.00348
2263.44590	0.00351
2262.01786	0.00356
2260.58981	0.00357
2259.16177	0.00355
2257.73373	0.00349
2256.30569	0.00343
2254.87765	0.00337
2253.44961	0.00332
2252.02157	0.00332
2250.59352	0.00335
2249.16548	0.00337
2247.73744	0.00338
2246.30940	0.00339
2244.88136	0.00337
2243.45332	0.00329
2242.02527	0.00318
2240.59723	0.00306
2239.16919	0.00297
2237.74115	0.00289
2236.31311	0.00282
2234.88507	0.00275
2233.45702	0.00267
2232.02898	0.00263
2230.60094	0.00269
2229.17290	0.00281
2227.74486	0.00291
2226.31682	0.00293
2224.88878	0.00286
2223.46073	0.00274
2222.03269	0.00266
2220.60465	0.00263
2219.17661	0.00263
2217.74857	0.00261
2216.32053	0.00256
2214.89248	0.00252
2213.46444	0.00249
2212.03640	0.00245
2210.60836	0.00234
2209.18032	0.00220
2207.75228	0.00211
2206.32423	0.00210
2204.89619	0.00216
2203.46815	0.00229
2202.04011	0.00244
2200.61207	0.00251
2199.18403	0.00249
2197.75599	0.00242
2196.32794	0.00233
2194.89990	0.00229
2193.47186	0.00234
2192.04382	0.00242
2190.61578	0.00241
2189.18774	0.00231
2187.75969	0.00213
2186.33165	0.00189
2184.90361	0.00163
2183.47557	0.00138
2182.04753	0.00122
2180.61949	0.00114
2179.19144	0.00106
2177.76340	0.00097
2176.33536	0.00095
2174.90732	0.00108
2173.47928	0.00128
2172.05124	0.00141
2170.62320	0.00140
2169.19515	0.00128
2167.76711	0.00114
2166.33907	0.00107
2164.91103	0.00101
2163.48299	0.00078
2162.05495	0.00021
2160.62690	-0.00067
2159.19886	-0.00145
2157.77082	-0.00169
2156.34278	-0.00136
2154.91474	-0.00082
2153.48670	-0.00036
2152.05865	-0.00003
2150.63061	0.00024
2149.20257	0.00051
2147.77453	0.00070
2146.34649	0.00078
2144.91845	0.00086
2143.49041	0.00105
2142.06236	0.00131
2140.63432	0.00151
2139.20628	0.00166
2137.77824	0.00179
2136.35020	0.00194
2134.92216	0.00206
2133.49411	0.00215
2132.06607	0.00223
2130.63803	0.00234
2129.20999	0.00245
2127.78195	0.00254
2126.35391	0.00262
2124.92586	0.00272
2123.49782	0.00285
2122.06978	0.00299
2120.64174	0.00308
2119.21370	0.00314
2117.78566	0.00321
2116.35762	0.00328
2114.92957	0.00330
2113.50153	0.00324
2112.07349	0.00314
2110.64545	0.00305
2109.21741	0.00304
2107.78937	0.00311
2106.36132	0.00318
2104.93328	0.00321
2103.50524	0.00322
2102.07720	0.00322
2100.64916	0.00321
2099.22112	0.00321
2097.79308	0.00323
2096.36503	0.00327
2094.93699	0.00333
2093.50895	0.00339
2092.08091	0.00342
2090.65287	0.00344
2089.22483	0.00343
2087.79678	0.00341
2086.36874	0.00340
2084.94070	0.00337
2083.51266	0.00333
2082.08462	0.00332
2080.65658	0.00336
2079.22853	0.00340
2077.80049	0.00341
2076.37245	0.00335
2074.94441	0.00321
2073.51637	0.00305
2072.08833	0.00294
2070.66029	0.00287
2069.23224	0.00281
2067.80420	0.00278
2066.37616	0.00275
2064.94812	0.00273
2063.52008	0.00269
2062.09204	0.00261
2060.66399	0.00252
2059.23595	0.00251
2057.80791	0.00255
2056.37987	0.00258
2054.95183	0.00260
2053.52379	0.00263
2052.09574	0.00261
2050.66770	0.00240
2049.23966	0.00194
2047.81162	0.00142
2046.38358	0.00107
2044.95554	0.00093
2043.52750	0.00087
2042.09945	0.00077
2040.67141	0.00064
2039.24337	0.00046
2037.81533	0.00018
2036.38729	-0.00020
2034.95925	-0.00055
2033.53120	-0.00073
2032.10316	-0.00069
2030.67512	-0.00054
2029.24708	-0.00044
2027.81904	-0.00044
2026.39100	-0.00044
2024.96295	-0.00036
2023.53491	-0.00020
2022.10687	-0.00010
2020.67883	-0.00013
2019.25079	-0.00020
2017.82275	-0.00022
2016.39471	-0.00020
2014.96666	-0.00015
2013.53862	-0.00000
2012.11058	0.00029
2010.68254	0.00057
2009.25450	0.00067
2007.82646	0.00064
2006.39841	0.00070
2004.97037	0.00095
2003.54233	0.00125
2002.11429	0.00145
2000.68625	0.00149
1999.25821	0.00147
1997.83016	0.00147
1996.40212	0.00150
1994.97408	0.00146
1993.54604	0.00134
1992.11800	0.00124
1990.68996	0.00125
1989.26192	0.00134
1987.83387	0.00146
1986.40583	0.00156
1984.97779	0.00159
1983.54975	0.00159
1982.12171	0.00158
1980.69367	0.00150
1979.26562	0.00126
1977.83758	0.00097
1976.40954	0.00084
1974.98150	0.00098
1973.55346	0.00127
1972.12542	0.00148
1970.69737	0.00149
1969.26933	0.00130
1967.84129	0.00097
1966.41325	0.00071
1964.98521	0.00069
1963.55717	0.00087
1962.12913	0.00114
1960.70108	0.00142
1959.27304	0.00169
1957.84500	0.00187
1956.41696	0.00196
1954.98892	0.00203
1953.56088	0.00217
1952.13283	0.00233
1950.70479	0.00243
1949.27675	0.00247
1947.84871	0.00248
1946.42067	0.00245
1944.99263	0.00236
1943.56458	0.00225
1942.13654	0.00226
1940.70850	0.00242
1939.28046	0.00263
1937.85242	0.00279
1936.42438	0.00286
1934.99634	0.00288
1933.56829	0.00291
1932.14025	0.00298
1930.71221	0.00306
1929.28417	0.00309
1927.85613	0.00306
1926.42809	0.00299
1925.00004	0.00293
1923.57200	0.00292
1922.14396	0.00302
1920.71592	0.00313
1919.28788	0.00320
1917.85984	0.00323
1916.43179	0.00330
1915.00375	0.00340
1913.57571	0.00346
1912.14767	0.00345
1910.71963	0.00343
1909.29159	0.00346
1907.86355	0.00358
1906.43550	0.00372
1905.00746	0.00383
1903.57942	0.00387
1902.15138	0.00386
1900.72334	0.00385
1899.29530	0.00387
1897.86725	0.00391
1896.43921	0.00396
1895.01117	0.00402
1893.58313	0.00404
1892.15509	0.00399
1890.72705	0.00391
1889.29900	0.00389
1887.87096	0.00398
1886.44292	0.00411
1885.01488	0.00420
1883.58684	0.00425
1882.15880	0.00428
1880.73076	0.00427
1879.30271	0.00426
1877.87467	0.00428
1876.44663	0.00432
1875.01859	0.00433
1873.59055	0.00431
1872.16251	0.00424
1870.73446	0.00410
1869.30642	0.00397
1867.87838	0.00401
1866.45034	0.00419
1865.02230	0.00435
1863.59426	0.00443
1862.16622	0.00444
1860.73817	0.00446
1859.31013	0.00453
1857.88209	0.00461
1856.45405	0.00465
1855.02601	0.00466
1853.59797	0.00467
1852.16992	0.00469
1850.74188	0.00472
1849.31384	0.00474
1847.88580	0.00472
1846.45776	0.00469
1845.02972	0.00468
1843.60167	0.00472
1842.17363	0.00482
1840.74559	0.00492
1839.31755	0.00499
1837.88951	0.00506
1836.46147	0.00514
1835.03343	0.00522
1833.60538	0.00529
1832.17734	0.00534
1830.74930	0.00536
1829.32126	0.00540
1827.89322	0.00548
1826.46518	0.00554
1825.03713	0.00560
1823.60909	0.00570
1822.18105	0.00582
1820.75301	0.00593
1819.32497	0.00602
1817.89693	0.00610
1816.46888	0.00617
1815.04084	0.00625
1813.61280	0.00633
1812.18476	0.00641
1810.75672	0.00650
1809.32868	0.00660
1807.90064	0.00670
1806.47259	0.00680
1805.04455	0.00689
1803.61651	0.00693
1802.18847	0.00696
1800.76043	0.00700
1799.33239	0.00708
1797.90434	0.00719
1796.47630	0.00732
1795.04826	0.00741
1793.62022	0.00747
1792.19218	0.00756
1790.76414	0.00771
1789.33609	0.00788
1787.90805	0.00803
1786.48001	0.00816
1785.05197	0.00826
1783.62393	0.00837
1782.19589	0.00849
1780.76785	0.00859
1779.33980	0.00871
1777.91176	0.00879
1776.48372	0.00880
1775.05568	0.00878
1773.62764	0.00878
1772.19960	0.00886
1770.77155	0.00905
1769.34351	0.00929
1767.91547	0.00950
1766.48743	0.00968
1765.05939	0.00980
1763.63135	0.00986
1762.20330	0.00992
1760.77526	0.01007
1759.34722	0.01024
1757.91918	0.01038
1756.49114	0.01052
1755.06310	0.01065
1753.63506	0.01074
1752.20701	0.01080
1750.77897	0.01089
1749.35093	0.01103
1747.92289	0.01129
1746.49485	0.01160
1745.06681	0.01185
1743.63876	0.01206
1742.21072	0.01228
1740.78268	0.01250
1739.35464	0.01277
1737.92660	0.01302
1736.49856	0.01316
1735.07051	0.01329
1733.64247	0.01368
1732.21443	0.01429
1730.78639	0.01488
1729.35835	0.01549
1727.93031	0.01607
1726.50227	0.01660
1725.07422	0.01715
1723.64618	0.01775
1722.21814	0.01832
1720.79010	0.01884
1719.36206	0.01941
1717.93402	0.02042
1716.50597	0.02245
1715.07793	0.02489
1713.64989	0.02706
1712.22185	0.02925
1710.79381	0.03169
1709.36577	0.03447
1707.93772	0.03808
1706.50968	0.04343
1705.08164	0.05010
1703.65360	0.05611
1702.22556	0.06115
1700.79752	0.06676
1699.36948	0.07331
1697.94143	0.07924
1696.51339	0.08474
1695.08535	0.08999
1693.65731	0.09413
1692.22927	0.09761
1690.80123	0.10157
1689.37318	0.10632
1687.94514	0.11087
1686.51710	0.11513
1685.08906	0.12155
1683.66102	0.13132
1682.23298	0.13969
1680.80493	0.14567
1679.37689	0.15107
1677.94885	0.15674
1676.52081	0.16377
1675.09277	0.17269
1673.66473	0.18163
1672.23669	0.18955
1670.80864	0.19928
1669.38060	0.21285
1667.95256	0.22550
1666.52452	0.23454
1665.09648	0.24322
1663.66844	0.25546
1662.24039	0.27212
1660.81235	0.28867
1659.38431	0.30235
1657.95627	0.31421
1656.52823	0.32531
1655.10019	0.33818
1653.67214	0.35991
1652.24410	0.38348
1650.81606	0.39349
1649.38802	0.39779
1647.95998	0.40284
1646.53194	0.40910
1645.10390	0.41324
1643.67585	0.41513
1642.24781	0.41613
1640.81977	0.41671
1639.39173	0.41688
1637.96369	0.41638
1636.53565	0.41441
1635.10760	0.41161
1633.67956	0.41049
1632.25152	0.41097
1630.82348	0.41221
1629.39544	0.41399
1627.96740	0.41626
1626.53935	0.41851
1625.11131	0.41976
1623.68327	0.41878
1622.25523	0.41515
1620.82719	0.41010
1619.39915	0.40311
1617.97111	0.38962
1616.54306	0.36705
1615.11502	0.34506
1613.68698	0.32920
1612.25894	0.31492
1610.83090	0.29864
1609.40286	0.27998
1607.97481	0.26112
1606.54677	0.24447
1605.11873	0.23033
1603.69069	0.21776
1602.26265	0.20643
1600.83461	0.19683
1599.40657	0.18916
1597.97852	0.18281
1596.55048	0.17694
1595.12244	0.17119
1593.69440	0.16580
1592.26636	0.16105
1590.83832	0.15693
1589.41027	0.15351
1587.98223	0.15093
1586.55419	0.14923
1585.12615	0.14839
1583.69811	0.14835
1582.27007	0.14898
1580.84202	0.15011
1579.41398	0.15164
1577.98594	0.15396
1576.55790	0.15816
1575.12986	0.16345
1573.70182	0.16759
1572.27378	0.17123
1570.84573	0.17646
1569.41769	0.18431
1567.98965	0.19261
1566.56161	0.20000
1565.13357	0.20757
1563.70553	0.21518
1562.27748	0.22170
1560.84944	0.22865
1559.42140	0.24359
1557.99336	0.26667
1556.56532	0.27987
1555.13728	0.28789
1553.70923	0.29590
1552.28119	0.30397
1550.85315	0.31233
1549.42511	0.32089
1547.99707	0.32850
1546.56903	0.33506
1545.14099	0.34192
1543.71294	0.35020
1542.28490	0.36040
1540.85686	0.37408
1539.42882	0.38653
1538.00078	0.39270
1536.57274	0.39631
1535.14469	0.40025
1533.71665	0.40563
1532.28861	0.41093
1530.86057	0.41436
1529.43253	0.41670
1528.00449	0.41886
1526.57644	0.42070
1525.14840	0.42205
1523.72036	0.42345
1522.29232	0.42527
1520.86428	0.42767
1519.43624	0.43076
1518.00820	0.43436
1516.58015	0.43762
1515.15211	0.43890
1513.72407	0.43728
1512.29603	0.43346
1510.86799	0.42863
1509.43995	0.42216
1508.01190	0.40616
1506.58386	0.37744
1505.15582	0.35929
1503.72778	0.35040
1502.29974	0.34250
1500.87170	0.33295
1499.44365	0.32057
1498.01561	0.30442
1496.58757	0.28677
1495.15953	0.27309
1493.73149	0.26404
1492.30345	0.25628
1490.87541	0.24585
1489.44736	0.23100
1488.01932	0.21688
1486.59128	0.20737
1485.16324	0.20052
1483.73520	0.19444
1482.30716	0.18828
1480.87911	0.18224
1479.45107	0.17715
1478.02303	0.17321
1476.59499	0.16988
1475.16695	0.16681
1473.73891	0.16405
1472.31086	0.16208
1470.88282	0.16133
1469.45478	0.16135
1468.02674	0.16166
1466.59870	0.16238
1465.17066	0.16401
1463.74262	0.16648
1462.31457	0.16906
1460.88653	0.17155
1459.45849	0.17476
1458.03045	0.18104
1456.60241	0.19047
1455.17437	0.19671
1453.74632	0.19962
1452.31828	0.20125
1450.89024	0.20201
1449.46220	0.20161
1448.03416	0.19978
1446.60612	0.19683
1445.17807	0.19341
1443.75003	0.18968
1442.32199	0.18565
1440.89395	0.18165
1439.46591	0.17773
1438.03787	0.17295
1436.60983	0.16662
1435.18178	0.16067
1433.75374	0.15669
1432.32570	0.15374
1430.89766	0.15097
1429.46962	0.14864
1428.04158	0.14735
1426.61353	0.14716
1425.18549	0.14801
1423.75745	0.14982
1422.32941	0.15233
1420.90137	0.15585
1419.47333	0.16175
1418.04528	0.17003
1416.61724	0.17766
1415.18920	0.18357
1413.76116	0.18845
1412.33312	0.19231
1410.90508	0.19450
1409.47704	0.19467
1408.04899	0.19310
1406.62095	0.19010
1405.19291	0.18598
1403.76487	0.18174
1402.33683	0.17837
1400.90879	0.17575
1399.48074	0.17356
1398.05270	0.17213
1396.62466	0.17212
1395.19662	0.17369
1393.76858	0.17638
1392.34054	0.17937
1390.91249	0.18230
1389.48445	0.18515
1388.05641	0.18769
1386.62837	0.18910
1385.20033	0.18898
1383.77229	0.18781
1382.34425	0.18614
1380.91620	0.18429
1379.48816	0.18249
1378.06012	0.18084
1376.63208	0.17910
1375.20404	0.17689
1373.77600	0.17412
1372.34795	0.17125
1370.91991	0.16834
1369.49187	0.16494
1368.06383	0.16102
1366.63579	0.15711
1365.20775	0.15330
1363.77971	0.14905
1362.35166	0.14437
1360.92362	0.14034
1359.49558	0.13749
1358.06754	0.13540
1356.63950	0.13367
1355.21146	0.13232
1353.78341	0.13154
1352.35537	0.13141
1350.92733	0.13200
1349.49929	0.13338
1348.07125	0.13563
1346.64321	0.13872
1345.21516	0.14256
1343.78712	0.14705
1342.35908	0.15240
1340.93104	0.15954
1339.50300	0.16898
1338.07496	0.17885
1336.64692	0.18644
1335.21887	0.19089
1333.79083	0.19230
1332.36279	0.19077
1330.93475	0.18666
1329.50671	0.18078
1328.07867	0.17418
1326.65062	0.16782
1325.22258	0.16229
1323.79454	0.15783
1322.36650	0.15442
1320.93846	0.15190
1319.51042	0.15003
1318.08237	0.14870
1316.65433	0.14776
1315.22629	0.14702
1313.79825	0.14634
1312.37021	0.14571
1310.94217	0.14515
1309.51413	0.14468
1308.08608	0.14428
1306.65804	0.14395
1305.23000	0.14366
1303.80196	0.14339
1302.37392	0.14311
1300.94588	0.14286
1299.51783	0.14269
1298.08979	0.14265
1296.66175	0.14274
1295.23371	0.14298
1293.80567	0.14336
1292.37763	0.14389
1290.94958	0.14459
1289.52154	0.14549
1288.09350	0.14663
1286.66546	0.14806
1285.23742	0.14978
1283.80938	0.15181
1282.38134	0.15417
1280.95329	0.15686
1279.52525	0.15983
1278.09721	0.16301
1276.66917	0.16631
1275.24113	0.16965
1273.81309	0.17301
1272.38504	0.17643
1270.95700	0.17988
1269.52896	0.18331
1268.10092	0.18663
1266.67288	0.18982
1265.24484	0.19283
1263.81679	0.19560
1262.38875	0.19814
1260.96071	0.20052
1259.53267	0.20285
1258.10463	0.20527
1256.67659	0.20797
1255.24855	0.21111
1253.82050	0.21483
1252.39246	0.21921
1250.96442	0.22429
1249.53638	0.23010
1248.10834	0.23661
1246.68030	0.24377
1245.25225	0.25139
1243.82421	0.25912
1242.39617	0.26642
1240.96813	0.27277
1239.54009	0.27777
1238.11205	0.28123
1236.68400	0.28309
1235.25596	0.28342
1233.82792	0.28234
1232.39988	0.28001
1230.97184	0.27657
1229.54380	0.27216
1228.11576	0.26690
1226.68771	0.26091
1225.25967	0.25433
1223.83163	0.24734
1222.40359	0.24009
1220.97555	0.23267
1219.54751	0.22515
1218.11946	0.21760
1216.69142	0.21011
1215.26338	0.20276
1213.83534	0.19557
1212.40730	0.18858
1210.97926	0.18191
1209.55121	0.17565
1208.12317	0.16982
1206.69513	0.16435
1205.26709	0.15920
1203.83905	0.15434
1202.41101	0.14978
1200.98297	0.14556
1199.55492	0.14170
1198.12688	0.13826
1196.69884	0.13528
1195.27080	0.13280
1193.84276	0.13077
1192.41472	0.12912
1190.98667	0.12782
1189.55863	0.12685
1188.13059	0.12623
1186.70255	0.12602
1185.27451	0.12625
1183.84647	0.12698
1182.41842	0.12831
1180.99038	0.13034
1179.56234	0.13308
1178.13430	0.13640
1176.70626	0.14002
1175.27822	0.14354
1173.85018	0.14651
1172.42213	0.14854
1170.99409	0.14941
1169.56605	0.14920
1168.13801	0.14815
1166.70997	0.14660
1165.28193	0.14481
1163.85388	0.14291
1162.42584	0.14096
1160.99780	0.13893
1159.56976	0.13682
1158.14172	0.13462
1156.71368	0.13234
1155.28563	0.13003
1153.85759	0.12770
1152.42955	0.12534
1151.00151	0.12300
1149.57347	0.12071
1148.14543	0.11853
1146.71739	0.11647
1145.28934	0.11456
1143.86130	0.11279
1142.43326	0.11115
1141.00522	0.10964
1139.57718	0.10829
1138.14914	0.10708
1136.72109	0.10598
1135.29305	0.10498
1133.86501	0.10411
1132.43697	0.10335
1131.00893	0.10269
1129.58089	0.10210
1128.15284	0.10156
1126.72480	0.10107
1125.29676	0.10064
1123.86872	0.10027
1122.44068	0.09998
1121.01264	0.09977
1119.58460	0.09964
1118.15655	0.09957
1116.72851	0.09962
1115.30047	0.09987
1113.87243	0.10043
1112.44439	0.10140
1111.01635	0.10281
1109.58830	0.10457
1108.16026	0.10640
1106.73222	0.10796
1105.30418	0.10899
1103.87614	0.10942
1102.44810	0.10932
1101.02006	0.10887
1099.59201	0.10826
1098.16397	0.10767
1096.73593	0.10722
1095.30789	0.10695
1093.87985	0.10687
1092.45181	0.10702
1091.02376	0.10746
1089.59572	0.10826
1088.16768	0.10951
1086.73964	0.11123
1085.31160	0.11336
1083.88356	0.11578
1082.45551	0.11836
1081.02747	0.12102
1079.59943	0.12372
1078.17139	0.12641
1076.74335	0.12904
1075.31531	0.13160
1073.88727	0.13403
1072.45922	0.13628
1071.03118	0.13827
1069.60314	0.14001
1068.17510	0.14162
1066.74706	0.14343
1065.31902	0.14589
1063.89097	0.14943
1062.46293	0.15419
1061.03489	0.15979
1059.60685	0.16531
1058.17881	0.16945
1056.75077	0.17104
1055.32272	0.16961
1053.89468	0.16562
1052.46664	0.16014
1051.03860	0.15424
1049.61056	0.14863
1048.18252	0.14366
1046.75448	0.13937
1045.32643	0.13566
1043.89839	0.13246
1042.47035	0.12971
1041.04231	0.12740
1039.61427	0.12551
1038.18623	0.12407
1036.75818	0.12308
1035.33014	0.12247
1033.90210	0.12205
1032.47406	0.12159
1031.04602	0.12088
1029.61798	0.11982
1028.18993	0.11844
1026.76189	0.11697
1025.33385	0.11591
1023.90581	0.11592
1022.47777	0.11750
1021.04973	0.12069
1019.62169	0.12484
1018.19364	0.12870
1016.76560	0.13095
1015.33756	0.13087
1013.90952	0.12865
1012.48148	0.12506
1011.05344	0.12093
1009.62539	0.11684
1008.19735	0.11311
1006.76931	0.10988
1005.34127	0.10718
1003.91323	0.10494
1002.48519	0.10298
1001.05714	0.10117
999.62910	0.09935
998.20106	0.09740
996.77302	0.09525
995.34498	0.09288
993.91694	0.09035
992.48890	0.08775
991.06085	0.08522
989.63281	0.08289
988.20477	0.08092
986.77673	0.07944
985.34869	0.07848
983.92065	0.07798
982.49260	0.07783
981.06456	0.07796
979.63652	0.07825
978.20848	0.07857
976.78044	0.07880
975.35240	0.07888
973.92435	0.07880
972.49631	0.07860
971.06827	0.07842
969.64023	0.07839
968.21219	0.07858
966.78415	0.07899
965.35611	0.07960
963.92806	0.08027
962.50002	0.08081
961.07198	0.08111
959.64394	0.08121
958.21590	0.08125
956.78786	0.08131
955.35981	0.08137
953.93177	0.08138
952.50373	0.08131
951.07569	0.08118
949.64765	0.08098
948.21961	0.08070
946.79156	0.08036
945.36352	0.07997
943.93548	0.07957
942.50744	0.07921
941.07940	0.07895
939.65136	0.07883
938.22332	0.07881
936.79527	0.07879
935.36723	0.07868
933.93919	0.07848
932.51115	0.07820
931.08311	0.07795
929.65507	0.07780
928.22702	0.07771
926.79898	0.07749
925.37094	0.07693
923.94290	0.07605
922.51486	0.07502
921.08682	0.07398
919.65877	0.07288
918.23073	0.07163
916.80269	0.07026
915.37465	0.06891
913.94661	0.06770
912.51857	0.06665
911.09053	0.06581
909.66248	0.06524
908.23444	0.06490
906.80640	0.06459
905.37836	0.06422
903.95032	0.06385
902.52228	0.06363
901.09423	0.06359
899.66619	0.06361
898.23815	0.06361
896.81011	0.06355
895.38207	0.06348
893.95403	0.06344
892.52598	0.06344
891.09794	0.06346
889.66990	0.06346
888.24186	0.06350
886.81382	0.06362
885.38578	0.06384
883.95774	0.06410
882.52969	0.06435
881.10165	0.06457
879.67361	0.06475
878.24557	0.06493
876.81753	0.06516
875.38949	0.06549
873.96144	0.06592
872.53340	0.06646
871.10536	0.06711
869.67732	0.06792
868.24928	0.06892
866.82124	0.07011
865.39320	0.07147
863.96515	0.07295
862.53711	0.07449
861.10907	0.07609
859.68103	0.07768
858.25299	0.07922
856.82495	0.08067
855.39690	0.08199
853.96886	0.08313
852.54082	0.08402
851.11278	0.08455
849.68474	0.08472
848.25670	0.08465
846.82865	0.08456
845.40061	0.08467
843.97257	0.08515
842.54453	0.08608
841.11649	0.08738
839.68845	0.08889
838.26041	0.09050
836.83236	0.09212
835.40432	0.09367
833.97628	0.09508
832.54824	0.09629
831.12020	0.09725
829.69216	0.09792
828.26411	0.09829
826.83607	0.09836
825.40803	0.09820
823.97999	0.09790
822.55195	0.09755
821.12391	0.09726
819.69586	0.09712
818.26782	0.09718
816.83978	0.09747
815.41174	0.09797
813.98370	0.09863
812.55566	0.09939
811.12762	0.10022
809.69957	0.10111
808.27153	0.10203
806.84349	0.10296
805.41545	0.10385
803.98741	0.10465
802.55937	0.10530
801.13132	0.10578
799.70328	0.10619
798.27524	0.10661
796.84720	0.10713
795.41916	0.10774
793.99112	0.10844
792.56307	0.10925
791.13503	0.11020
789.70699	0.11134
788.27895	0.11266
786.85091	0.11412
785.42287	0.11568
783.99483	0.11731
782.56678	0.11897
781.13874	0.12066
779.71070	0.12243
778.28266	0.12428
776.85462	0.12615
775.42658	0.12793
773.99853	0.12956
772.57049	0.13108
771.14245	0.13257
769.71441	0.13403
768.28637	0.13539
766.85833	0.13663
765.43028	0.13779
764.00224	0.13898
762.57420	0.14022
761.14616	0.14152
759.71812	0.14286
758.29008	0.14426
756.86204	0.14574
755.43399	0.14734
754.00595	0.14903
752.57791	0.15080
751.14987	0.15264
749.72183	0.15454
748.29379	0.15650
746.86574	0.15849
745.43770	0.16052
744.00966	0.16263
742.58162	0.16479
741.15358	0.16697
739.72554	0.16921
738.29749	0.17153
736.86945	0.17396
735.44141	0.17657
734.01337	0.17933
732.58533	0.18213
731.15729	0.18482
729.72925	0.18730
728.30120	0.18952
726.87316	0.19151
725.44512	0.19336
724.01708	0.19510
722.58904	0.19681
721.16100	0.19856
719.73295	0.20034
718.30491	0.20211
716.87687	0.20391
715.44883	0.20585
714.02079	0.20799
712.59275	0.21032
711.16470	0.21279
709.73666	0.21542
708.30862	0.21826
706.88058	0.22129
705.45254	0.22442
704.02450	0.22752
702.59646	0.23051
701.16841	0.23336
699.74037	0.23613
698.31233	0.23891
696.88429	0.24170
695.45625	0.24448
694.02821	0.24723
692.60016	0.24995
691.17212	0.25268
689.74408	0.25546
688.31604	0.25826
686.88800	0.26103
685.45996	0.26370
684.03191	0.26620
682.60387	0.26852
681.17583	0.27069
679.74779	0.27266
678.31975	0.27438
676.89171	0.27586
675.46367	0.27720
674.03562	0.27844
672.60758	0.27954
671.17954	0.28057
669.75150	0.28187
668.32346	0.28369
666.89542	0.28539
665.46737	0.28658
664.03933	0.28772
662.61129	0.28909
661.18325	0.29062
659.75521	0.29219
658.32717	0.29377
656.89912	0.29534
655.47108	0.29684
654.04304	0.29823
652.61500	0.29957
651.18696	0.30085
649.75892	0.30201
648.33088	0.30298
646.90283	0.30386
645.47479	0.30478
644.04675	0.30577
642.61871	0.30663
641.19067	0.30725
639.76263	0.30767
638.33458	0.30804
636.90654	0.30844
635.47850	0.30873
634.05046	0.30882
632.62242	0.30874
631.19438	0.30862
629.76633	0.30851
628.33829	0.30839
626.91025	0.30822
625.48221	0.30800
624.05417	0.30776
622.62613	0.30749
621.19809	0.30714
619.77004	0.30666
618.34200	0.30613
616.91396	0.30571
615.48592	0.30547
614.05788	0.30536
612.62984	0.30525
611.20179	0.30506
609.77375	0.30481
608.34571	0.30451
606.91767	0.30409
605.48963	0.30348
604.06159	0.30272
602.63355	0.30197
601.20550	0.30134
599.77746	0.30082
598.34942	0.30042
596.92138	0.30017
595.49334	0.30012
594.06530	0.30018
592.63725	0.30026
591.20921	0.30032
589.78117	0.30040
588.35313	0.30060
586.92509	0.30101
585.49705	0.30169
584.06900	0.30262
582.64096	0.30383
581.21292	0.30541
579.78488	0.30744
578.35684	0.30991
576.92880	0.31272
575.50076	0.31566
574.07271	0.31834
572.64467	0.32066
571.21663	0.32285
569.78859	0.32530
568.36055	0.32829
566.93251	0.33198
565.50446	0.33633
564.07642	0.34105
562.64838	0.34572
561.22034	0.35008
559.79230	0.35424
558.36426	0.35848
556.93621	0.36313
555.50817	0.36831
554.08013	0.37388
552.65209	0.37949
551.22405	0.38478
549.79601	0.38950
548.36797	0.39340
546.93992	0.39637
545.51188	0.39842
544.08384	0.39953
542.65580	0.39970
541.22776	0.39904
539.79972	0.39776
538.37167	0.39610
536.94363	0.39421
535.51559	0.39224
534.08755	0.39022
532.65951	0.38818
531.23147	0.38618
529.80342	0.38437
528.37538	0.38275
526.94734	0.38112
525.51930	0.37946
524.09126	0.37796
522.66322	0.37665
521.23518	0.37541
519.80713	0.37428
518.37909	0.37345
516.95105	0.37296
515.52301	0.37260
514.09497	0.37227
512.66693	0.37209
511.23888	0.37217
509.81084	0.37251
508.38280	0.37303
506.95476	0.37352
505.52672	0.37374
504.09868	0.37359
502.67063	0.37321
501.24259	0.37282
499.81455	0.37250
498.38651	0.37215
496.95847	0.37161
495.53043	0.37084
494.10239	0.37015
492.67434	0.37015
491.24630	0.37103
489.81826	0.37198
488.39022	0.37190
486.96218	0.37060
485.53414	0.36878
484.10609	0.36729
482.67805	0.36625
481.25001	0.36526
479.82197	0.36415
478.39393	0.36313
476.96589	0.36236
475.53784	0.36167
474.10980	0.36085
472.68176	0.35990
471.25372	0.35894
469.82568	0.35770
468.39764	0.35581
466.96960	0.35341
465.54155	0.35114
464.11351	0.34952
462.68547	0.34857
461.25743	0.34799
459.82939	0.34738
458.40135	0.34653
456.97330	0.34574
455.54526	0.34543
454.11722	0.34531
452.68918	0.34476
451.26114	0.34356
449.83310	0.34221
448.40505	0.34132
446.97701	0.34107
445.54897	0.34103
444.12093	0.34047
442.69289	0.33912
441.26485	0.33753
439.83681	0.33628
438.40876	0.33515
436.98072	0.33362
435.55268	0.33195
434.12464	0.33103
432.69660	0.33119
431.26856	0.33197
429.84051	0.33286
428.41247	0.33356
426.98443	0.33387
425.55639	0.33374
424.12835	0.33348
422.70031	0.33368
421.27226	0.33453
419.84422	0.33560
418.41618	0.33612
416.98814	0.33654
415.56010	0.33774
414.13206	0.33974
412.70402	0.34226
411.27597	0.34491
409.84793	0.34718
408.41989	0.34843
406.99185	0.34812
405.56381	0.34631
404.13577	0.34375
402.70772	0.34124
401.27968	0.33886
399.85164	0.33585
