3998.51641	0.00386
3997.08837	0.00391
3995.66033	0.00393
3994.23229	0.00393
3992.80425	0.00393
3991.37620	0.00393
3989.94816	0.00391
3988.52012	0.00388
3987.09208	0.00386
3985.66404	0.00388
3984.23600	0.00389
3982.80796	0.00388
3981.37991	0.00382
3979.95187	0.00375
3978.52383	0.00373
3977.09579	0.00376
3975.66775	0.00379
3974.23971	0.00380
3972.81166	0.00379
3971.38362	0.00379
3969.95558	0.00380
3968.52754	0.00382
3967.09950	0.00384
3965.67146	0.00387
3964.24341	0.00390
3962.81537	0.00390
3961.38733	0.00385
3959.95929	0.00379
3958.53125	0.00378
3957.10321	0.00378
3955.67517	0.00378
3954.24712	0.00376
3952.81908	0.00376
3951.39104	0.00377
3949.96300	0.00375
3948.53496	0.00372
3947.10692	0.00370
3945.67887	0.00373
3944.25083	0.00375
3942.82279	0.00373
3941.39475	0.00365
3939.96671	0.00357
3938.53867	0.00353
3937.11062	0.00356
3935.68258	0.00361
3934.25454	0.00367
3932.82650	0.00367
3931.39846	0.00360
3929.97042	0.00351
3928.54238	0.00348
3927.11433	0.00351
3925.68629	0.00355
3924.25825	0.00354
3922.83021	0.00348
3921.40217	0.00343
3919.97413	0.00340
3918.54608	0.00339
3917.11804	0.00338
3915.69000	0.00337
3914.26196	0.00336
3912.83392	0.00335
3911.40588	0.00334
3909.97783	0.00333
3908.54979	0.00336
3907.12175	0.00343
3905.69371	0.00354
3904.26567	0.00368
3902.83763	0.00375
3901.40959	0.00373
3899.98154	0.00360
3898.55350	0.00343
3897.12546	0.00332
3895.69742	0.00333
3894.26938	0.00343
3892.84134	0.00349
3891.41329	0.00340
3889.98525	0.00327
3888.55721	0.00323
3887.12917	0.00331
3885.70113	0.00341
3884.27309	0.00346
3882.84504	0.00344
3881.41700	0.00333
3879.98896	0.00314
3878.56092	0.00304
3877.13288	0.00305
3875.70484	0.00315
3874.27680	0.00326
3872.84875	0.00338
3871.42071	0.00349
3869.99267	0.00348
3868.56463	0.00334
3867.13659	0.00323
3865.70855	0.00321
3864.28050	0.00323
3862.85246	0.00315
3861.42442	0.00300
3859.99638	0.00293
3858.56834	0.00300
3857.14030	0.00319
3855.71226	0.00346
3854.28421	0.00370
3852.85617	0.00358
3851.42813	0.00324
3850.00009	0.00298
3848.57205	0.00284
3847.14401	0.00278
3845.71596	0.00280
3844.28792	0.00290
3842.85988	0.00309
3841.43184	0.00330
3840.00380	0.00346
3838.57576	0.00343
3837.14771	0.00320
3835.71967	0.00295
3834.29163	0.00280
3832.86359	0.00275
3831.43555	0.00275
3830.00751	0.00276
3828.57947	0.00277
3827.15142	0.00285
3825.72338	0.00301
3824.29534	0.00326
3822.86730	0.00356
3821.43926	0.00374
3820.01122	0.00359
3818.58317	0.00331
3817.15513	0.00308
3815.72709	0.00289
3814.29905	0.00276
3812.87101	0.00271
3811.44297	0.00277
3810.01492	0.00293
3808.58688	0.00311
3807.15884	0.00318
3805.73080	0.00311
3804.30276	0.00307
3802.87472	0.00313
3801.44668	0.00318
3800.01863	0.00310
3798.59059	0.00295
3797.16255	0.00279
3795.73451	0.00266
3794.30647	0.00259
3792.87843	0.00257
3791.45038	0.00260
3790.02234	0.00267
3788.59430	0.00276
3787.16626	0.00285
3785.73822	0.00290
3784.31018	0.00290
3782.88213	0.00287
3781.45409	0.00284
3780.02605	0.00277
3778.59801	0.00265
3777.16997	0.00257
3775.74193	0.00258
3774.31389	0.00269
3772.88584	0.00284
3771.45780	0.00296
3770.02976	0.00299
3768.60172	0.00294
3767.17368	0.00291
3765.74564	0.00292
3764.31759	0.00293
3762.88955	0.00297
3761.46151	0.00305
3760.03347	0.00317
3758.60543	0.00325
3757.17739	0.00326
3755.74934	0.00324
3754.32130	0.00328
3752.89326	0.00345
3751.46522	0.00366
3750.03718	0.00370
3748.60914	0.00361
3747.18110	0.00362
3745.75305	0.00367
3744.32501	0.00363
3742.89697	0.00353
3741.46893	0.00346
3740.04089	0.00346
3738.61285	0.00353
3737.18480	0.00370
3735.75676	0.00388
3734.32872	0.00388
3732.90068	0.00365
3731.47264	0.00339
3730.04460	0.00322
3728.61655	0.00318
3727.18851	0.00323
3725.76047	0.00331
3724.33243	0.00337
3722.90439	0.00336
3721.47635	0.00328
3720.04831	0.00319
3718.62026	0.00313
3717.19222	0.00314
3715.76418	0.00322
3714.33614	0.00334
3712.90810	0.00352
3711.48006	0.00365
3710.05201	0.00360
3708.62397	0.00346
3707.19593	0.00339
3705.76789	0.00343
3704.33985	0.00355
3702.91181	0.00370
3701.48376	0.00381
3700.05572	0.00383
3698.62768	0.00384
3697.19964	0.00388
3695.77160	0.00399
3694.34356	0.00413
3692.91552	0.00435
3691.48747	0.00469
3690.05943	0.00507
3688.63139	0.00514
3687.20335	0.00496
3685.77531	0.00480
3684.34727	0.00480
3682.91922	0.00495
3681.49118	0.00519
3680.06314	0.00545
3678.63510	0.00569
3677.20706	0.00597
3675.77902	0.00629
3674.35097	0.00654
3672.92293	0.00673
3671.49489	0.00698
3670.06685	0.00721
3668.63881	0.00728
3667.21077	0.00731
3665.78273	0.00744
3664.35468	0.00766
3662.92664	0.00793
3661.49860	0.00819
3660.07056	0.00847
3658.64252	0.00879
3657.21448	0.00916
3655.78643	0.00949
3654.35839	0.00975
3652.93035	0.01004
3651.50231	0.01054
3650.07427	0.01131
3648.64623	0.01195
3647.21818	0.01215
3645.79014	0.01226
3644.36210	0.01249
3642.93406	0.01283
3641.50602	0.01322
3640.07798	0.01359
3638.64994	0.01393
3637.22189	0.01428
3635.79385	0.01470
3634.36581	0.01519
3632.93777	0.01573
3631.50973	0.01631
3630.08169	0.01701
3628.65364	0.01766
3627.22560	0.01797
3625.79756	0.01813
3624.36952	0.01837
3622.94148	0.01875
3621.51344	0.01932
3620.08539	0.02010
3618.65735	0.02088
3617.22931	0.02141
3615.80127	0.02177
3614.37323	0.02209
3612.94519	0.02242
3611.51715	0.02279
3610.08910	0.02322
3608.66106	0.02373
3607.23302	0.02422
3605.80498	0.02461
3604.37694	0.02498
3602.94890	0.02542
3601.52085	0.02591
3600.09281	0.02638
3598.66477	0.02684
3597.23673	0.02736
3595.80869	0.02796
3594.38065	0.02855
3592.95261	0.02903
3591.52456	0.02947
3590.09652	0.03001
3588.66848	0.03074
3587.24044	0.03152
3585.81240	0.03205
3584.38436	0.03241
3582.95631	0.03282
3581.52827	0.03333
3580.10023	0.03393
3578.67219	0.03454
3577.24415	0.03511
3575.81611	0.03567
3574.38806	0.03622
3572.96002	0.03678
3571.53198	0.03738
3570.10394	0.03804
3568.67590	0.03882
3567.24786	0.03971
3565.81982	0.04041
3564.39177	0.04084
3562.96373	0.04124
3561.53569	0.04174
3560.10765	0.04234
3558.67961	0.04297
3557.25157	0.04359
3555.82352	0.04422
3554.39548	0.04488
3552.96744	0.04558
3551.53940	0.04627
3550.11136	0.04693
3548.68332	0.04758
3547.25527	0.04824
3545.82723	0.04888
3544.39919	0.04940
3542.97115	0.04984
3541.54311	0.05031
3540.11507	0.05086
3538.68703	0.05148
3537.25898	0.05212
3535.83094	0.05278
3534.40290	0.05341
3532.97486	0.05400
3531.54682	0.05458
3530.11878	0.05518
3528.69073	0.05581
3527.26269	0.05642
3525.83465	0.05697
3524.40661	0.05748
3522.97857	0.05797
3521.55053	0.05844
3520.12248	0.05889
3518.69444	0.05935
3517.26640	0.05983
3515.83836	0.06030
3514.41032	0.06077
3512.98228	0.06127
3511.55424	0.06180
3510.12619	0.06236
3508.69815	0.06286
3507.27011	0.06330
3505.84207	0.06371
3504.41403	0.06413
3502.98599	0.06453
3501.55794	0.06487
3500.12990	0.06517
3498.70186	0.06547
3497.27382	0.06579
3495.84578	0.06616
3494.41774	0.06656
3492.98969	0.06694
3491.56165	0.06732
3490.13361	0.06769
3488.70557	0.06806
3487.27753	0.06844
3485.84949	0.06883
3484.42145	0.06919
3482.99340	0.06948
3481.56536	0.06974
3480.13732	0.07000
3478.70928	0.07031
3477.28124	0.07065
3475.85320	0.07102
3474.42515	0.07137
3472.99711	0.07170
3471.56907	0.07200
3470.14103	0.07228
3468.71299	0.07257
3467.28495	0.07285
3465.85690	0.07315
3464.42886	0.07348
3463.00082	0.07385
3461.57278	0.07421
3460.14474	0.07455
3458.71670	0.07488
3457.28866	0.07521
3455.86061	0.07554
3454.43257	0.07586
3453.00453	0.07615
3451.57649	0.07645
3450.14845	0.07677
3448.72041	0.07712
3447.29236	0.07747
3445.86432	0.07781
3444.43628	0.07810
3443.00824	0.07840
3441.58020	0.07873
3440.15216	0.07910
3438.72411	0.07948
3437.29607	0.07989
3435.86803	0.08032
3434.43999	0.08078
3433.01195	0.08124
3431.58391	0.08171
3430.15587	0.08220
3428.72782	0.08270
3427.29978	0.08323
3425.87174	0.08381
3424.44370	0.08442
3423.01566	0.08503
3421.58762	0.08559
3420.15957	0.08617
3418.73153	0.08679
3417.30349	0.08743
3415.87545	0.08803
3414.44741	0.08858
3413.01937	0.08909
3411.59132	0.08964
3410.16328	0.09026
3408.73524	0.09094
3407.30720	0.09162
3405.87916	0.09227
3404.45112	0.09288
3403.02308	0.09348
3401.59503	0.09410
3400.16699	0.09472
3398.73895	0.09535
3397.31091	0.09597
3395.88287	0.09658
3394.45483	0.09723
3393.02678	0.09792
3391.59874	0.09864
3390.17070	0.09933
3388.74266	0.09997
3387.31462	0.10060
3385.88658	0.10124
3384.45853	0.10194
3383.03049	0.10267
3381.60245	0.10343
3380.17441	0.10422
3378.74637	0.10504
3377.31833	0.10583
3375.89029	0.10660
3374.46224	0.10741
3373.03420	0.10831
3371.60616	0.10930
3370.17812	0.11028
3368.75008	0.11122
3367.32204	0.11213
3365.89399	0.11304
3364.46595	0.11397
3363.03791	0.11495
3361.60987	0.11599
3360.18183	0.11705
3358.75379	0.11813
3357.32575	0.11925
3355.89770	0.12044
3354.46966	0.12168
3353.04162	0.12298
3351.61358	0.12431
3350.18554	0.12560
3348.75750	0.12684
3347.32945	0.12813
3345.90141	0.12953
3344.47337	0.13105
3343.04533	0.13265
3341.61729	0.13433
3340.18925	0.13605
3338.76120	0.13776
3337.33316	0.13938
3335.90512	0.14094
3334.47708	0.14252
3333.04904	0.14422
3331.62100	0.14608
3330.19296	0.14811
3328.76491	0.15029
3327.33687	0.15254
3325.90883	0.15475
3324.48079	0.15681
3323.05275	0.15878
3321.62471	0.16077
3320.19666	0.16290
3318.76862	0.16521
3317.34058	0.16767
3315.91254	0.17019
3314.48450	0.17275
3313.05646	0.17537
3311.62841	0.17809
3310.20037	0.18093
3308.77233	0.18380
3307.34429	0.18660
3305.91625	0.18930
3304.48821	0.19196
3303.06017	0.19462
3301.63212	0.19731
3300.20408	0.20015
3298.77604	0.20319
3297.34800	0.20639
3295.91996	0.20958
3294.49192	0.21261
3293.06387	0.21546
3291.63583	0.21809
3290.20779	0.22051
3288.77975	0.22279
3287.35171	0.22497
3285.92367	0.22702
3284.49562	0.22888
3283.06758	0.23051
3281.63954	0.23187
3280.21150	0.23293
3278.78346	0.23366
3277.35542	0.23408
3275.92738	0.23414
3274.49933	0.23375
3273.07129	0.23290
3271.64325	0.23158
3270.21521	0.22978
3268.78717	0.22752
3267.35913	0.22492
3265.93108	0.22213
3264.50304	0.21929
3263.07500	0.21640
3261.64696	0.21348
3260.21892	0.21059
3258.79088	0.20779
3257.36283	0.20505
3255.93479	0.20224
3254.50675	0.19929
3253.07871	0.19635
3251.65067	0.19363
3250.22263	0.19123
3248.79459	0.18903
3247.36654	0.18680
3245.93850	0.18432
3244.51046	0.18168
3243.08242	0.17913
3241.65438	0.17680
3240.22634	0.17465
3238.79829	0.17266
3237.37025	0.17087
3235.94221	0.16925
3234.51417	0.16762
3233.08613	0.16579
3231.65809	0.16375
3230.23004	0.16163
3228.80200	0.15963
3227.37396	0.15777
3225.94592	0.15601
3224.51788	0.15431
3223.08984	0.15268
3221.66180	0.15115
3220.23375	0.14968
3218.80571	0.14821
3217.37767	0.14671
3215.94963	0.14523
3214.52159	0.14372
3213.09355	0.14214
3211.66550	0.14050
3210.23746	0.13889
3208.80942	0.13736
3207.38138	0.13589
3205.95334	0.13442
3204.52530	0.13292
3203.09725	0.13140
3201.66921	0.12987
3200.24117	0.12831
3198.81313	0.12674
3197.38509	0.12519
3195.95705	0.12368
3194.52901	0.12222
3193.10096	0.12077
3191.67292	0.11931
3190.24488	0.11784
3188.81684	0.11637
3187.38880	0.11490
3185.96076	0.11343
3184.53271	0.11198
3183.10467	0.11054
3181.67663	0.10913
3180.24859	0.10774
3178.82055	0.10635
3177.39251	0.10495
3175.96446	0.10357
3174.53642	0.10223
3173.10838	0.10094
3171.68034	0.09970
3170.25230	0.09850
3168.82426	0.09732
3167.39622	0.09614
3165.96817	0.09497
3164.54013	0.09380
3163.11209	0.09266
3161.68405	0.09156
3160.25601	0.09050
3158.82797	0.08951
3157.39992	0.08861
3155.97188	0.08781
3154.54384	0.08705
3153.11580	0.08625
3151.68776	0.08535
3150.25972	0.08437
3148.83167	0.08337
3147.40363	0.08242
3145.97559	0.08158
3144.54755	0.08085
3143.11951	0.08027
3141.69147	0.07983
3140.26343	0.07946
3138.83538	0.07900
3137.40734	0.07836
3135.97930	0.07766
3134.55126	0.07705
3133.12322	0.07666
3131.69518	0.07643
3130.26713	0.07625
3128.83909	0.07600
3127.41105	0.07570
3125.98301	0.07550
3124.55497	0.07551
3123.12693	0.07571
3121.69888	0.07596
3120.27084	0.07617
3118.84280	0.07634
3117.41476	0.07648
3115.98672	0.07659
3114.55868	0.07667
3113.13064	0.07678
3111.70259	0.07700
3110.27455	0.07732
3108.84651	0.07762
3107.41847	0.07780
3105.99043	0.07793
3104.56239	0.07820
3103.13434	0.07873
3101.70630	0.07944
3100.27826	0.08009
3098.85022	0.08053
3097.42218	0.08084
3095.99414	0.08122
3094.56610	0.08182
3093.13805	0.08263
3091.71001	0.08350
3090.28197	0.08427
3088.85393	0.08491
3087.42589	0.08546
3085.99785	0.08598
3084.56980	0.08647
3083.14176	0.08692
3081.71372	0.08735
3080.28568	0.08771
3078.85764	0.08793
3077.42960	0.08792
3076.00155	0.08770
3074.57351	0.08739
3073.14547	0.08717
3071.71743	0.08712
3070.28939	0.08716
3068.86135	0.08714
3067.43331	0.08691
3066.00526	0.08638
3064.57722	0.08559
3063.14918	0.08465
3061.72114	0.08368
3060.29310	0.08283
3058.86506	0.08217
3057.43701	0.08159
3056.00897	0.08091
3054.58093	0.08010
3053.15289	0.07925
3051.72485	0.07836
3050.29681	0.07734
3048.86876	0.07626
3047.44072	0.07526
3046.01268	0.07440
3044.58464	0.07355
3043.15660	0.07255
3041.72856	0.07137
3040.30052	0.07006
3038.87247	0.06878
3037.44443	0.06772
3036.01639	0.06693
3034.58835	0.06620
3033.16031	0.06535
3031.73227	0.06432
3030.30422	0.06320
3028.87618	0.06217
3027.44814	0.06135
3026.02010	0.06074
3024.59206	0.06019
3023.16402	0.05958
3021.73597	0.05897
3020.30793	0.05844
3018.87989	0.05802
3017.45185	0.05764
3016.02381	0.05729
3014.59577	0.05694
3013.16773	0.05652
3011.73968	0.05598
3010.31164	0.05534
3008.88360	0.05472
3007.45556	0.05429
3006.02752	0.05413
3004.59948	0.05421
3003.17143	0.05444
3001.74339	0.05477
3000.31535	0.05526
2998.88731	0.05586
2997.45927	0.05649
2996.03123	0.05712
2994.60318	0.05781
2993.17514	0.05854
2991.74710	0.05917
2990.31906	0.05964
2988.89102	0.06006
2987.46298	0.06057
2986.03494	0.06120
2984.60689	0.06192
2983.17885	0.06263
2981.75081	0.06317
2980.32277	0.06339
2978.89473	0.06327
2977.46669	0.06297
2976.03864	0.06261
2974.61060	0.06222
2973.18256	0.06175
2971.75452	0.06123
2970.32648	0.06076
2968.89844	0.06036
2967.47039	0.06000
2966.04235	0.05965
2964.61431	0.05929
2963.18627	0.05889
2961.75823	0.05841
2960.33019	0.05792
2958.90215	0.05754
2957.47410	0.05736
2956.04606	0.05741
2954.61802	0.05765
2953.18998	0.05800
2951.76194	0.05842
2950.33390	0.05898
2948.90585	0.05976
2947.47781	0.06074
2946.04977	0.06180
2944.62173	0.06280
2943.19369	0.06369
2941.76565	0.06446
2940.33760	0.06515
2938.90956	0.06572
2937.48152	0.06612
2936.05348	0.06631
2934.62544	0.06632
2933.19740	0.06617
2931.76936	0.06583
2930.34131	0.06523
2928.91327	0.06430
2927.48523	0.06309
2926.05719	0.06173
2924.62915	0.06036
2923.20111	0.05907
2921.77306	0.05792
2920.34502	0.05694
2918.91698	0.05609
2917.48894	0.05526
2916.06090	0.05439
2914.63286	0.05345
2913.20481	0.05244
2911.77677	0.05139
2910.34873	0.05034
2908.92069	0.04934
2907.49265	0.04848
2906.06461	0.04778
2904.63657	0.04720
2903.20852	0.04667
2901.78048	0.04616
2900.35244	0.04574
2898.92440	0.04547
2897.49636	0.04528
2896.06832	0.04505
2894.64027	0.04473
2893.21223	0.04437
2891.78419	0.04407
2890.35615	0.04390
2888.92811	0.04385
2887.50007	0.04389
2886.07202	0.04399
2884.64398	0.04414
2883.21594	0.04430
2881.78790	0.04444
2880.35986	0.04454
2878.93182	0.04460
2877.50378	0.04463
2876.07573	0.04463
2874.64769	0.04450
2873.21965	0.04411
2871.79161	0.04340
2870.36357	0.04253
2868.93553	0.04167
2867.50748	0.04090
2866.07944	0.04019
2864.65140	0.03957
2863.22336	0.03906
2861.79532	0.03866
2860.36728	0.03827
2858.93924	0.03780
2857.51119	0.03728
2856.08315	0.03677
2854.65511	0.03631
2853.22707	0.03591
2851.79903	0.03559
2850.37099	0.03538
2848.94294	0.03521
2847.51490	0.03496
2846.08686	0.03461
2844.65882	0.03425
2843.23078	0.03402
2841.80274	0.03395
2840.37469	0.03394
2838.94665	0.03389
2837.51861	0.03376
2836.09057	0.03358
2834.66253	0.03342
2833.23449	0.03326
2831.80645	0.03308
2830.37840	0.03288
2828.95036	0.03272
2827.52232	0.03262
2826.09428	0.03258
2824.66624	0.03257
2823.23820	0.03256
2821.81015	0.03249
2820.38211	0.03237
2818.95407	0.03221
2817.52603	0.03204
2816.09799	0.03189
2814.66995	0.03179
2813.24190	0.03175
2811.81386	0.03174
2810.38582	0.03166
2808.95778	0.03146
2807.52974	0.03117
2806.10170	0.03091
2804.67366	0.03072
2803.24561	0.03060
2801.81757	0.03053
2800.38953	0.03048
2798.96149	0.03040
2797.53345	0.03022
2796.10541	0.02997
2794.67736	0.02973
2793.24932	0.02956
2791.82128	0.02946
2790.39324	0.02932
2788.96520	0.02908
2787.53716	0.02871
2786.10911	0.02829
2784.68107	0.02791
2783.25303	0.02760
2781.82499	0.02736
2780.39695	0.02715
2778.96891	0.02699
2777.54087	0.02688
2776.11282	0.02679
2774.68478	0.02662
2773.25674	0.02632
2771.82870	0.02595
2770.40066	0.02558
2768.97262	0.02528
2767.54457	0.02503
2766.11653	0.02481
2764.68849	0.02460
2763.26045	0.02440
2761.83241	0.02421
2760.40437	0.02405
2758.97632	0.02390
2757.54828	0.02371
2756.12024	0.02351
2754.69220	0.02331
2753.26416	0.02317
2751.83612	0.02308
2750.40808	0.02300
2748.98003	0.02285
2747.55199	0.02260
2746.12395	0.02231
2744.69591	0.02202
2743.26787	0.02177
2741.83983	0.02158
2740.41178	0.02141
2738.98374	0.02127
2737.55570	0.02114
2736.12766	0.02099
2734.69962	0.02079
2733.27158	0.02057
2731.84353	0.02036
2730.41549	0.02023
2728.98745	0.02019
2727.55941	0.02021
2726.13137	0.02017
2724.70333	0.02004
2723.27529	0.01982
2721.84724	0.01958
2720.41920	0.01937
2718.99116	0.01922
2717.56312	0.01911
2716.13508	0.01898
2714.70704	0.01883
2713.27899	0.01870
2711.85095	0.01862
2710.42291	0.01856
2708.99487	0.01845
2707.56683	0.01831
2706.13879	0.01818
2704.71074	0.01810
2703.28270	0.01805
2701.85466	0.01801
2700.42662	0.01795
2698.99858	0.01787
2697.57054	0.01777
2696.14250	0.01766
2694.71445	0.01755
2693.28641	0.01747
2691.85837	0.01740
2690.43033	0.01733
2689.00229	0.01724
2687.57425	0.01714
2686.14620	0.01705
2684.71816	0.01701
2683.29012	0.01704
2681.86208	0.01712
2680.43404	0.01715
2679.00600	0.01708
2677.57795	0.01689
2676.14991	0.01666
2674.72187	0.01647
2673.29383	0.01631
2671.86579	0.01617
2670.43775	0.01605
2669.00971	0.01593
2667.58166	0.01584
2666.15362	0.01575
2664.72558	0.01567
2663.29754	0.01560
2661.86950	0.01553
2660.44146	0.01547
2659.01341	0.01540
2657.58537	0.01532
2656.15733	0.01522
2654.72929	0.01513
2653.30125	0.01505
2651.87321	0.01496
2650.44516	0.01487
2649.01712	0.01479
2647.58908	0.01472
2646.16104	0.01467
2644.73300	0.01462
2643.30496	0.01459
2641.87692	0.01456
2640.44887	0.01455
2639.02083	0.01453
2637.59279	0.01448
2636.16475	0.01441
2634.73671	0.01435
2633.30867	0.01431
2631.88062	0.01425
2630.45258	0.01420
2629.02454	0.01414
2627.59650	0.01409
2626.16846	0.01400
2624.74042	0.01390
2623.31237	0.01379
2621.88433	0.01370
2620.45629	0.01363
2619.02825	0.01359
2617.60021	0.01353
2616.17217	0.01343
2614.74413	0.01329
2613.31608	0.01315
2611.88804	0.01303
2610.46000	0.01296
2609.03196	0.01289
2607.60392	0.01280
2606.17588	0.01267
2604.74783	0.01252
2603.31979	0.01239
2601.89175	0.01228
2600.46371	0.01216
2599.03567	0.01200
2597.60763	0.01184
2596.17959	0.01171
2594.75154	0.01165
2593.32350	0.01160
2591.89546	0.01152
2590.46742	0.01138
2589.03938	0.01121
2587.61134	0.01103
2586.18329	0.01089
2584.75525	0.01081
2583.32721	0.01078
2581.89917	0.01073
2580.47113	0.01062
2579.04309	0.01049
2577.61504	0.01036
2576.18700	0.01025
2574.75896	0.01012
2573.33092	0.00996
2571.90288	0.00983
2570.47484	0.00974
2569.04680	0.00970
2567.61875	0.00965
2566.19071	0.00957
2564.76267	0.00944
2563.33463	0.00928
2561.90659	0.00911
2560.47855	0.00895
2559.05050	0.00882
2557.62246	0.00872
2556.19442	0.00865
2554.76638	0.00860
2553.33834	0.00855
2551.91030	0.00849
2550.48225	0.00841
2549.05421	0.00833
2547.62617	0.00825
2546.19813	0.00819
2544.77009	0.00815
2543.34205	0.00810
2541.91401	0.00805
2540.48596	0.00800
2539.05792	0.00795
2537.62988	0.00789
2536.20184	0.00782
2534.77380	0.00775
2533.34576	0.00771
2531.91771	0.00769
2530.48967	0.00766
2529.06163	0.00762
2527.63359	0.00759
2526.20555	0.00756
2524.77751	0.00755
2523.34946	0.00757
2521.92142	0.00760
2520.49338	0.00760
2519.06534	0.00754
2517.63730	0.00744
2516.20926	0.00737
2514.78122	0.00734
2513.35317	0.00729
2511.92513	0.00721
2510.49709	0.00712
2509.06905	0.00706
2507.64101	0.00703
2506.21297	0.00702
2504.78492	0.00702
2503.35688	0.00703
2501.92884	0.00705
2500.50080	0.00706
2499.07276	0.00704
2497.64472	0.00700
2496.21667	0.00692
2494.78863	0.00685
2493.36059	0.00678
2491.93255	0.00675
2490.50451	0.00672
2489.07647	0.00666
2487.64843	0.00657
2486.22038	0.00650
2484.79234	0.00646
2483.36430	0.00644
2481.93626	0.00640
2480.50822	0.00632
2479.08018	0.00624
2477.65213	0.00616
2476.22409	0.00611
2474.79605	0.00609
2473.36801	0.00609
2471.93997	0.00607
2470.51193	0.00603
2469.08388	0.00595
2467.65584	0.00586
2466.22780	0.00578
2464.79976	0.00571
2463.37172	0.00565
2461.94368	0.00561
2460.51564	0.00559
2459.08759	0.00560
2457.65955	0.00560
2456.23151	0.00558
2454.80347	0.00555
2453.37543	0.00553
2451.94739	0.00552
2450.51934	0.00550
2449.09130	0.00545
2447.66326	0.00540
2446.23522	0.00537
2444.80718	0.00538
2443.37914	0.00540
2441.95109	0.00544
2440.52305	0.00547
2439.09501	0.00550
2437.66697	0.00551
2436.23893	0.00549
2434.81089	0.00544
2433.38285	0.00541
2431.95480	0.00539
2430.52676	0.00537
2429.09872	0.00538
2427.67068	0.00544
2426.24264	0.00554
2424.81460	0.00563
2423.38655	0.00565
2421.95851	0.00563
2420.53047	0.00559
2419.10243	0.00555
2417.67439	0.00552
2416.24635	0.00548
2414.81830	0.00544
2413.39026	0.00539
2411.96222	0.00534
2410.53418	0.00530
2409.10614	0.00527
2407.67810	0.00525
2406.25006	0.00525
2404.82201	0.00526
2403.39397	0.00527
2401.96593	0.00528
2400.53789	0.00529
2399.10985	0.00528
2397.68181	0.00526
2396.25376	0.00523
2394.82572	0.00520
2393.39768	0.00521
2391.96964	0.00525
2390.54160	0.00530
2389.11356	0.00535
2387.68551	0.00536
2386.25747	0.00533
2384.82943	0.00526
2383.40139	0.00517
2381.97335	0.00506
2380.54531	0.00492
2379.11727	0.00474
2377.68922	0.00449
2376.26118	0.00417
2374.83314	0.00376
2373.40510	0.00324
2371.97706	0.00252
2370.54902	0.00160
2369.12097	0.00058
2367.69293	-0.00044
2366.26489	-0.00135
2364.83685	-0.00212
2363.40881	-0.00285
2361.98077	-0.00362
2360.55273	-0.00427
2359.12468	-0.00448
2357.69664	-0.00401
2356.26860	-0.00291
2354.84056	-0.00136
2353.41252	0.00044
2351.98448	0.00212
2350.55643	0.00325
2349.12839	0.00371
2347.70035	0.00351
2346.27231	0.00270
2344.84427	0.00157
2343.41623	0.00067
2341.98818	0.00033
2340.56014	0.00036
2339.13210	0.00054
2337.70406	0.00076
2336.27602	0.00094
2334.84798	0.00102
2333.41994	0.00102
2331.99189	0.00108
2330.56385	0.00132
2329.13581	0.00178
2327.70777	0.00237
2326.27973	0.00293
2324.85169	0.00332
2323.42364	0.00349
2321.99560	0.00355
2320.56756	0.00361
2319.13952	0.00373
2317.71148	0.00387
2316.28344	0.00400
2314.85539	0.00412
2313.42735	0.00422
2311.99931	0.00429
2310.57127	0.00436
2309.14323	0.00444
2307.71519	0.00455
2306.28715	0.00464
2304.85910	0.00469
2303.43106	0.00472
2302.00302	0.00475
2300.57498	0.00478
2299.14694	0.00480
2297.71890	0.00483
2296.29085	0.00488
2294.86281	0.00494
2293.43477	0.00497
2292.00673	0.00497
2290.57869	0.00498
2289.15065	0.00499
2287.72260	0.00500
2286.29456	0.00499
2284.86652	0.00495
2283.43848	0.00484
2282.01044	0.00467
2280.58240	0.00447
2279.15436	0.00432
2277.72631	0.00423
2276.29827	0.00420
2274.87023	0.00418
2273.44219	0.00416
2272.01415	0.00415
2270.58611	0.00413
2269.15806	0.00409
2267.73002	0.00405
2266.30198	0.00401
2264.87394	0.00399
2263.44590	0.00395
2262.01786	0.00390
2260.58981	0.00384
2259.16177	0.00379
2257.73373	0.00375
2256.30569	0.00373
2254.87765	0.00369
2253.44961	0.00361
2252.02157	0.00350
2250.59352	0.00349
2249.16548	0.00363
2247.73744	0.00381
2246.30940	0.00389
2244.88136	0.00384
2243.45332	0.00375
2242.02527	0.00367
2240.59723	0.00357
2239.16919	0.00347
2237.74115	0.00340
2236.31311	0.00336
2234.88507	0.00336
2233.45702	0.00337
2232.02898	0.00336
2230.60094	0.00329
2229.17290	0.00317
2227.74486	0.00302
2226.31682	0.00289
2224.88878	0.00280
2223.46073	0.00279
2222.03269	0.00289
2220.60465	0.00304
2219.17661	0.00315
2217.74857	0.00319
2216.32053	0.00321
2214.89248	0.00324
2213.46444	0.00324
2212.03640	0.00320
2210.60836	0.00314
2209.18032	0.00311
2207.75228	0.00312
2206.32423	0.00320
2204.89619	0.00334
2203.46815	0.00349
2202.04011	0.00356
2200.61207	0.00350
2199.18403	0.00336
2197.75599	0.00323
2196.32794	0.00309
2194.89990	0.00293
2193.47186	0.00280
2192.04382	0.00280
2190.61578	0.00292
2189.18774	0.00303
2187.75969	0.00298
2186.33165	0.00274
2184.90361	0.00242
2183.47557	0.00216
2182.04753	0.00206
2180.61949	0.00207
2179.19144	0.00203
2177.76340	0.00186
2176.33536	0.00164
2174.90732	0.00151
2173.47928	0.00155
2172.05124	0.00174
2170.62320	0.00192
2169.19515	0.00190
2167.76711	0.00162
2166.33907	0.00120
2164.91103	0.00080
2163.48299	0.00046
2162.05495	0.00003
2160.62690	-0.00050
2159.19886	-0.00080
2157.77082	-0.00060
2156.34278	-0.00012
2154.91474	0.00025
2153.48670	0.00040
2152.05865	0.00041
2150.63061	0.00048
2149.20257	0.00068
2147.77453	0.00094
2146.34649	0.00119
2144.91845	0.00142
2143.49041	0.00163
2142.06236	0.00182
2140.63432	0.00200
2139.20628	0.00216
2137.77824	0.00225
2136.35020	0.00227
2134.92216	0.00230
2133.49411	0.00238
2132.06607	0.00250
2130.63803	0.00270
2129.20999	0.00298
2127.78195	0.00330
2126.35391	0.00358
2124.92586	0.00372
2123.49782	0.00375
2122.06978	0.00375
2120.64174	0.00380
2119.21370	0.00392
2117.78566	0.00406
2116.35762	0.00418
2114.92957	0.00428
2113.50153	0.00435
2112.07349	0.00437
2110.64545	0.00434
2109.21741	0.00430
2107.78937	0.00426
2106.36132	0.00421
2104.93328	0.00415
2103.50524	0.00412
2102.07720	0.00415
2100.64916	0.00423
2099.22112	0.00432
2097.79308	0.00433
2096.36503	0.00427
2094.93699	0.00423
2093.50895	0.00424
2092.08091	0.00428
2090.65287	0.00433
2089.22483	0.00442
2087.79678	0.00449
2086.36874	0.00450
2084.94070	0.00442
2083.51266	0.00430
2082.08462	0.00420
2080.65658	0.00417
2079.22853	0.00413
2077.80049	0.00407
2076.37245	0.00402
2074.94441	0.00401
2073.51637	0.00403
2072.08833	0.00403
2070.66029	0.00392
2069.23224	0.00376
2067.80420	0.00363
2066.37616	0.00358
2064.94812	0.00361
2063.52008	0.00365
2062.09204	0.00366
2060.66399	0.00365
2059.23595	0.00363
2057.80791	0.00352
2056.37987	0.00332
2054.95183	0.00315
2053.52379	0.00311
2052.09574	0.00311
2050.66770	0.00296
2049.23966	0.00264
2047.81162	0.00232
2046.38358	0.00213
2044.95554	0.00204
2043.52750	0.00194
2042.09945	0.00182
2040.67141	0.00173
2039.24337	0.00161
2037.81533	0.00137
2036.38729	0.00096
2034.95925	0.00044
2033.53120	0.00004
2032.10316	-0.00006
2030.67512	0.00013
2029.24708	0.00037
2027.81904	0.00044
2026.39100	0.00025
2024.96295	-0.00004
2023.53491	-0.00020
2022.10687	-0.00007
2020.67883	0.00023
2019.25079	0.00053
2017.82275	0.00071
2016.39471	0.00080
2014.96666	0.00093
2013.53862	0.00108
2012.11058	0.00119
2010.68254	0.00124
2009.25450	0.00121
2007.82646	0.00109
2006.39841	0.00103
2004.97037	0.00117
2003.54233	0.00147
2002.11429	0.00172
2000.68625	0.00180
1999.25821	0.00177
1997.83016	0.00177
1996.40212	0.00181
1994.97408	0.00181
1993.54604	0.00171
1992.11800	0.00155
1990.68996	0.00148
1989.26192	0.00151
1987.83387	0.00155
1986.40583	0.00158
1984.97779	0.00169
1983.54975	0.00198
1982.12171	0.00241
1980.69367	0.00272
1979.26562	0.00262
1977.83758	0.00220
1976.40954	0.00182
1974.98150	0.00170
1973.55346	0.00176
1972.12542	0.00188
1970.69737	0.00196
1969.26933	0.00199
1967.84129	0.00198
1966.41325	0.00201
1964.98521	0.00212
1963.55717	0.00225
1962.12913	0.00233
1960.70108	0.00234
1959.27304	0.00236
1957.84500	0.00247
1956.41696	0.00268
1954.98892	0.00286
1953.56088	0.00289
1952.13283	0.00275
1950.70479	0.00259
1949.27675	0.00255
1947.84871	0.00263
1946.42067	0.00276
1944.99263	0.00290
1943.56458	0.00302
1942.13654	0.00310
1940.70850	0.00315
1939.28046	0.00318
1937.85242	0.00322
1936.42438	0.00331
1934.99634	0.00343
1933.56829	0.00354
1932.14025	0.00362
1930.71221	0.00368
1929.28417	0.00374
1927.85613	0.00378
1926.42809	0.00377
1925.00004	0.00374
1923.57200	0.00378
1922.14396	0.00390
1920.71592	0.00402
1919.28788	0.00407
1917.85984	0.00405
1916.43179	0.00402
1915.00375	0.00405
1913.57571	0.00413
1912.14767	0.00425
1910.71963	0.00435
1909.29159	0.00442
1907.86355	0.00448
1906.43550	0.00454
1905.00746	0.00463
1903.57942	0.00474
1902.15138	0.00480
1900.72334	0.00483
1899.29530	0.00486
1897.86725	0.00489
1896.43921	0.00495
1895.01117	0.00500
1893.58313	0.00503
1892.15509	0.00506
1890.72705	0.00510
1889.29900	0.00517
1887.87096	0.00523
1886.44292	0.00525
1885.01488	0.00524
1883.58684	0.00523
1882.15880	0.00527
1880.73076	0.00531
1879.30271	0.00530
1877.87467	0.00528
1876.44663	0.00526
1875.01859	0.00525
1873.59055	0.00526
1872.16251	0.00526
1870.73446	0.00526
1869.30642	0.00528
1867.87838	0.00533
1866.45034	0.00537
1865.02230	0.00541
1863.59426	0.00548
1862.16622	0.00554
1860.73817	0.00558
1859.31013	0.00561
1857.88209	0.00561
1856.45405	0.00559
1855.02601	0.00558
1853.59797	0.00560
1852.16992	0.00567
1850.74188	0.00578
1849.31384	0.00587
1847.88580	0.00595
1846.45776	0.00605
1845.02972	0.00617
1843.60167	0.00628
1842.17363	0.00636
1840.74559	0.00641
1839.31755	0.00646
1837.88951	0.00651
1836.46147	0.00656
1835.03343	0.00661
1833.60538	0.00668
1832.17734	0.00677
1830.74930	0.00686
1829.32126	0.00695
1827.89322	0.00702
1826.46518	0.00708
1825.03713	0.00714
1823.60909	0.00720
1822.18105	0.00722
1820.75301	0.00720
1819.32497	0.00720
1817.89693	0.00728
1816.46888	0.00743
1815.04084	0.00762
1813.61280	0.00780
1812.18476	0.00793
1810.75672	0.00806
1809.32868	0.00817
1807.90064	0.00824
1806.47259	0.00831
1805.04455	0.00841
1803.61651	0.00852
1802.18847	0.00866
1800.76043	0.00880
1799.33239	0.00890
1797.90434	0.00902
1796.47630	0.00917
1795.04826	0.00934
1793.62022	0.00952
1792.19218	0.00970
1790.76414	0.00976
1789.33609	0.00975
1787.90805	0.00976
1786.48001	0.00984
1785.05197	0.00997
1783.62393	0.01014
1782.19589	0.01032
1780.76785	0.01047
1779.33980	0.01060
1777.91176	0.01072
1776.48372	0.01085
1775.05568	0.01101
1773.62764	0.01121
1772.19960	0.01139
1770.77155	0.01151
1769.34351	0.01159
1767.91547	0.01164
1766.48743	0.01171
1765.05939	0.01183
1763.63135	0.01200
1762.20330	0.01219
1760.77526	0.01238
1759.34722	0.01255
1757.91918	0.01273
1756.49114	0.01294
1755.06310	0.01315
1753.63506	0.01335
1752.20701	0.01363
1750.77897	0.01396
1749.35093	0.01422
1747.92289	0.01437
1746.49485	0.01452
1745.06681	0.01471
1743.63876	0.01498
1742.21072	0.01533
1740.78268	0.01569
1739.35464	0.01606
1737.92660	0.01639
1736.49856	0.01666
1735.07051	0.01702
1733.64247	0.01762
1732.21443	0.01820
1730.78639	0.01867
1729.35835	0.01918
1727.93031	0.01971
1726.50227	0.02025
1725.07422	0.02093
1723.64618	0.02174
1722.21814	0.02258
1720.79010	0.02346
1719.36206	0.02459
1717.93402	0.02654
1716.50597	0.02957
1715.07793	0.03250
1713.64989	0.03495
1712.22185	0.03763
1710.79381	0.04089
1709.36577	0.04484
1707.93772	0.05023
1706.50968	0.05856
1705.08164	0.06924
1703.65360	0.07889
1702.22556	0.08678
1700.79752	0.09511
1699.36948	0.10408
1697.94143	0.11087
1696.51339	0.11582
1695.08535	0.12027
1693.65731	0.12392
1692.22927	0.12728
1690.80123	0.13148
1689.37318	0.13677
1687.94514	0.14196
1686.51710	0.14703
1685.08906	0.15498
1683.66102	0.16683
1682.23298	0.17632
1680.80493	0.18267
1679.37689	0.18837
1677.94885	0.19449
1676.52081	0.20218
1675.09277	0.21186
1673.66473	0.22136
1672.23669	0.22959
1670.80864	0.23971
1669.38060	0.25369
1667.95256	0.26614
1666.52452	0.27446
1665.09648	0.28218
1663.66844	0.29311
1662.24039	0.30780
1660.81235	0.32179
1659.38431	0.33268
1657.95627	0.34173
1656.52823	0.35012
1655.10019	0.36045
1653.67214	0.37961
1652.24410	0.40077
1650.81606	0.40940
1649.38802	0.41353
1647.95998	0.42042
1646.53194	0.43073
1645.10390	0.43804
1643.67585	0.44165
1642.24781	0.44453
1640.81977	0.44760
1639.39173	0.45079
1637.96369	0.45474
1636.53565	0.46158
1635.10760	0.47051
1633.67956	0.47714
1632.25152	0.48241
1630.82348	0.48892
1629.39544	0.49857
1627.96740	0.51151
1626.53935	0.52529
1625.11131	0.53842
1623.68327	0.55123
1622.25523	0.56052
1620.82719	0.56297
1619.39915	0.55879
1617.97111	0.54479
1616.54306	0.51757
1615.11502	0.48840
1613.68698	0.46546
1612.25894	0.44395
1610.83090	0.41944
1609.40286	0.39140
1607.97481	0.36287
1606.54677	0.33733
1605.11873	0.31531
1603.69069	0.29549
1602.26265	0.27751
1600.83461	0.26231
1599.40657	0.25020
1597.97852	0.24022
1596.55048	0.23113
1595.12244	0.22236
1593.69440	0.21422
1592.26636	0.20700
1590.83832	0.20067
1589.41027	0.19527
1587.98223	0.19103
1586.55419	0.18801
1585.12615	0.18617
1583.69811	0.18543
1582.27007	0.18565
1580.84202	0.18660
1579.41398	0.18818
1577.98594	0.19095
1576.55790	0.19624
1575.12986	0.20269
1573.70182	0.20737
1572.27378	0.21136
1570.84573	0.21742
1569.41769	0.22670
1567.98965	0.23618
1566.56161	0.24411
1565.13357	0.25194
1563.70553	0.25967
1562.27748	0.26616
1560.84944	0.27308
1559.42140	0.28830
1557.99336	0.31145
1556.56532	0.32399
1555.13728	0.33159
1553.70923	0.33961
1552.28119	0.34817
1550.85315	0.35761
1549.42511	0.36762
1547.99707	0.37652
1546.56903	0.38409
1545.14099	0.39220
1543.71294	0.40260
1542.28490	0.41636
1540.85686	0.43593
1539.42882	0.45321
1538.00078	0.46063
1536.57274	0.46478
1535.14469	0.47082
1533.71665	0.48123
1532.28861	0.49259
1530.86057	0.50020
1529.43253	0.50566
1528.00449	0.51189
1526.57644	0.51923
1525.14840	0.52610
1523.72036	0.53272
1522.29232	0.54098
1520.86428	0.55003
1519.43624	0.55737
1518.00820	0.56406
1516.58015	0.57088
1515.15211	0.57513
1513.72407	0.57483
1512.29603	0.57123
1510.86799	0.56640
1509.43995	0.55991
1508.01190	0.54225
1506.58386	0.50796
1505.15582	0.48446
1503.72778	0.47146
1502.29974	0.45977
1500.87170	0.44620
1499.44365	0.42917
1498.01561	0.40720
1496.58757	0.38310
1495.15953	0.36419
1493.73149	0.35146
1492.30345	0.34059
1490.87541	0.32641
1489.44736	0.30642
1488.01932	0.28708
1486.59128	0.27368
1485.16324	0.26390
1483.73520	0.25535
1482.30716	0.24687
1480.87911	0.23861
1479.45107	0.23165
1478.02303	0.22620
1476.59499	0.22158
1475.16695	0.21735
1473.73891	0.21338
1472.31086	0.21000
1470.88282	0.20802
1469.45478	0.20719
1468.02674	0.20691
1466.59870	0.20724
1465.17066	0.20860
1463.74262	0.21076
1462.31457	0.21297
1460.88653	0.21520
1459.45849	0.21852
1458.03045	0.22592
1456.60241	0.23740
1455.17437	0.24500
1453.74632	0.24905
1452.31828	0.25232
1450.89024	0.25525
1449.46220	0.25747
1448.03416	0.25845
1446.60612	0.25788
1445.17807	0.25597
1443.75003	0.25312
1442.32199	0.24964
1440.89395	0.24590
1439.46591	0.24189
1438.03787	0.23646
1436.60983	0.22848
1435.18178	0.22026
1433.75374	0.21416
1432.32570	0.20930
1430.89766	0.20462
1429.46962	0.20052
1428.04158	0.19781
1426.61353	0.19650
1425.18549	0.19632
1423.75745	0.19707
1422.32941	0.19853
1420.90137	0.20084
1419.47333	0.20486
1418.04528	0.21021
1416.61724	0.21469
1415.18920	0.21787
1413.76116	0.22055
1412.33312	0.22292
1410.90508	0.22463
1409.47704	0.22534
1408.04899	0.22500
1406.62095	0.22368
1405.19291	0.22138
1403.76487	0.21863
1402.33683	0.21610
1400.90879	0.21383
1399.48074	0.21165
1398.05270	0.20982
1396.62466	0.20884
1395.19662	0.20877
1393.76858	0.20935
1392.34054	0.21022
1390.91249	0.21119
1389.48445	0.21228
1388.05641	0.21343
1386.62837	0.21425
1385.20033	0.21445
1383.77229	0.21417
1382.34425	0.21365
1380.91620	0.21295
1379.48816	0.21212
1378.06012	0.21118
1376.63208	0.21007
1375.20404	0.20858
1373.77600	0.20662
1372.34795	0.20444
1370.91991	0.20210
1369.49187	0.19923
1368.06383	0.19569
1366.63579	0.19189
1365.20775	0.18791
1363.77971	0.18326
1362.35166	0.17797
1360.92362	0.17327
1359.49558	0.16983
1358.06754	0.16727
1356.63950	0.16521
1355.21146	0.16362
1353.78341	0.16264
1352.35537	0.16232
1350.92733	0.16268
1349.49929	0.16372
1348.07125	0.16539
1346.64321	0.16761
1345.21516	0.17028
1343.78712	0.17322
1342.35908	0.17646
1340.93104	0.18039
1339.50300	0.18513
1338.07496	0.18965
1336.64692	0.19280
1335.21887	0.19445
1333.79083	0.19477
1332.36279	0.19381
1330.93475	0.19168
1329.50671	0.18863
1328.07867	0.18502
1326.65062	0.18126
1325.22258	0.17763
1323.79454	0.17436
1322.36650	0.17162
1320.93846	0.16940
1319.51042	0.16765
1318.08237	0.16636
1316.65433	0.16553
1315.22629	0.16509
1313.79825	0.16496
1312.37021	0.16506
1310.94217	0.16527
1309.51413	0.16554
1308.08608	0.16587
1306.65804	0.16621
1305.23000	0.16656
1303.80196	0.16691
1302.37392	0.16727
1300.94588	0.16767
1299.51783	0.16814
1298.08979	0.16869
1296.66175	0.16931
1295.23371	0.17000
1293.80567	0.17077
1292.37763	0.17166
1290.94958	0.17269
1289.52154	0.17385
1288.09350	0.17516
1286.66546	0.17663
1285.23742	0.17828
1283.80938	0.18014
1282.38134	0.18232
1280.95329	0.18488
1279.52525	0.18786
1278.09721	0.19129
1276.66917	0.19513
1275.24113	0.19937
1273.81309	0.20398
1272.38504	0.20891
1270.95700	0.21401
1269.52896	0.21901
1268.10092	0.22370
1266.67288	0.22795
1265.24484	0.23168
1263.81679	0.23489
1262.38875	0.23765
1260.96071	0.24009
1259.53267	0.24235
1258.10463	0.24458
1256.67659	0.24697
1255.24855	0.24970
1253.82050	0.25286
1252.39246	0.25647
1250.96442	0.26048
1249.53638	0.26487
1248.10834	0.26960
1246.68030	0.27462
1245.25225	0.27989
1243.82421	0.28527
1242.39617	0.29055
1240.96813	0.29552
1239.54009	0.30007
1238.11205	0.30409
1236.68400	0.30746
1235.25596	0.31006
1233.82792	0.31172
1232.39988	0.31226
1230.97184	0.31152
1229.54380	0.30942
1228.11576	0.30601
1226.68771	0.30139
1225.25967	0.29573
1223.83163	0.28925
1222.40359	0.28219
1220.97555	0.27468
1219.54751	0.26676
1218.11946	0.25848
1216.69142	0.24994
1215.26338	0.24125
1213.83534	0.23251
1212.40730	0.22384
1210.97926	0.21540
1209.55121	0.20736
1208.12317	0.19976
1206.69513	0.19257
1205.26709	0.18577
1203.83905	0.17934
1202.41101	0.17334
1200.98297	0.16780
1199.55492	0.16277
1198.12688	0.15830
1196.69884	0.15442
1195.27080	0.15115
1193.84276	0.14844
1192.41472	0.14623
1190.98667	0.14445
1189.55863	0.14310
1188.13059	0.14213
1186.70255	0.14156
1185.27451	0.14143
1183.84647	0.14181
1182.41842	0.14283
1180.99038	0.14463
1179.56234	0.14730
1178.13430	0.15076
1176.70626	0.15479
1175.27822	0.15898
1173.85018	0.16290
1172.42213	0.16613
1170.99409	0.16844
1169.56605	0.16985
1168.13801	0.17049
1166.70997	0.17054
1165.28193	0.17013
1163.85388	0.16932
1162.42584	0.16810
1160.99780	0.16648
1159.56976	0.16444
1158.14172	0.16202
1156.71368	0.15930
1155.28563	0.15637
1153.85759	0.15327
1152.42955	0.15000
1151.00151	0.14663
1149.57347	0.14322
1148.14543	0.13991
1146.71739	0.13678
1145.28934	0.13388
1143.86130	0.13123
1142.43326	0.12880
1141.00522	0.12659
1139.57718	0.12463
1138.14914	0.12292
1136.72109	0.12147
1135.29305	0.12021
1133.86501	0.11912
1132.43697	0.11817
1131.00893	0.11736
1129.58089	0.11669
1128.15284	0.11614
1126.72480	0.11570
1125.29676	0.11535
1123.86872	0.11505
1122.44068	0.11477
1121.01264	0.11452
1119.58460	0.11431
1118.15655	0.11414
1116.72851	0.11400
1115.30047	0.11390
1113.87243	0.11389
1112.44439	0.11406
1111.01635	0.11448
1109.58830	0.11517
1108.16026	0.11601
1106.73222	0.11683
1105.30418	0.11743
1103.87614	0.11759
1102.44810	0.11726
1101.02006	0.11650
1099.59201	0.11550
1098.16397	0.11447
1096.73593	0.11365
1095.30789	0.11323
1093.87985	0.11331
1092.45181	0.11394
1091.02376	0.11516
1089.59572	0.11696
1088.16768	0.11934
1086.73964	0.12224
1085.31160	0.12551
1083.88356	0.12903
1082.45551	0.13269
1081.02747	0.13640
1079.59943	0.14009
1078.17139	0.14366
1076.74335	0.14700
1075.31531	0.15002
1073.88727	0.15265
1072.45922	0.15484
1071.03118	0.15657
1069.60314	0.15782
1068.17510	0.15865
1066.74706	0.15924
1065.31902	0.15985
1063.89097	0.16070
1062.46293	0.16185
1061.03489	0.16320
1059.60685	0.16442
1058.17881	0.16508
1056.75077	0.16485
1055.32272	0.16364
1053.89468	0.16159
1052.46664	0.15899
1051.03860	0.15615
1049.61056	0.15327
1048.18252	0.15046
1046.75448	0.14777
1045.32643	0.14517
1043.89839	0.14266
1042.47035	0.14028
1041.04231	0.13807
1039.61427	0.13603
1038.18623	0.13413
1036.75818	0.13241
1035.33014	0.13089
1033.90210	0.12958
1032.47406	0.12844
1031.04602	0.12737
1029.61798	0.12626
1028.18993	0.12510
1026.76189	0.12401
1025.33385	0.12328
1023.90581	0.12329
1022.47777	0.12436
1021.04973	0.12663
1019.62169	0.12980
1018.19364	0.13321
1016.76560	0.13601
1015.33756	0.13756
1013.90952	0.13763
1012.48148	0.13639
1011.05344	0.13424
1009.62539	0.13164
1008.19735	0.12898
1006.76931	0.12650
1005.34127	0.12436
1003.91323	0.12258
1002.48519	0.12107
1001.05714	0.11965
999.62910	0.11815
998.20106	0.11642
996.77302	0.11437
995.34498	0.11196
993.91694	0.10918
992.48890	0.10613
991.06085	0.10299
989.63281	0.10002
988.20477	0.09753
986.77673	0.09574
985.34869	0.09475
983.92065	0.09451
982.49260	0.09492
981.06456	0.09578
979.63652	0.09682
978.20848	0.09776
976.78044	0.09835
975.35240	0.09848
973.92435	0.09812
972.49631	0.09736
971.06827	0.09634
969.64023	0.09525
968.21219	0.09424
966.78415	0.09345
965.35611	0.09291
963.92806	0.09259
962.50002	0.09241
961.07198	0.09229
959.64394	0.09221
958.21590	0.09220
956.78786	0.09225
955.35981	0.09231
953.93177	0.09235
952.50373	0.09232
951.07569	0.09225
949.64765	0.09213
948.21961	0.09200
946.79156	0.09186
945.36352	0.09167
943.93548	0.09136
942.50744	0.09096
941.07940	0.09050
939.65136	0.09002
938.22332	0.08952
936.79527	0.08904
935.36723	0.08862
933.93919	0.08828
932.51115	0.08803
931.08311	0.08778
929.65507	0.08744
928.22702	0.08697
926.79898	0.08632
925.37094	0.08547
923.94290	0.08441
922.51486	0.08316
921.08682	0.08180
919.65877	0.08042
918.23073	0.07912
916.80269	0.07795
915.37465	0.07687
913.94661	0.07585
912.51857	0.07492
911.09053	0.07408
909.66248	0.07336
908.23444	0.07277
906.80640	0.07232
905.37836	0.07200
903.95032	0.07179
902.52228	0.07162
901.09423	0.07147
899.66619	0.07132
898.23815	0.07119
896.81011	0.07109
895.38207	0.07099
893.95403	0.07087
892.52598	0.07076
891.09794	0.07072
889.66990	0.07077
888.24186	0.07089
886.81382	0.07103
885.38578	0.07119
883.95774	0.07137
882.52969	0.07155
881.10165	0.07173
879.67361	0.07192
878.24557	0.07214
876.81753	0.07239
875.38949	0.07268
873.96144	0.07298
872.53340	0.07335
871.10536	0.07385
869.67732	0.07454
868.24928	0.07543
866.82124	0.07651
865.39320	0.07775
863.96515	0.07915
862.53711	0.08068
861.10907	0.08233
859.68103	0.08411
858.25299	0.08599
856.82495	0.08791
855.39690	0.08974
853.96886	0.09135
852.54082	0.09261
851.11278	0.09340
849.68474	0.09367
848.25670	0.09357
846.82865	0.09339
845.40061	0.09342
843.97257	0.09381
842.54453	0.09458
841.11649	0.09569
839.68845	0.09707
838.26041	0.09865
836.83236	0.10035
835.40432	0.10205
833.97628	0.10366
832.54824	0.10509
831.12020	0.10632
829.69216	0.10728
828.26411	0.10790
826.83607	0.10815
825.40803	0.10811
823.97999	0.10795
822.55195	0.10781
821.12391	0.10777
819.69586	0.10786
818.26782	0.10810
816.83978	0.10854
815.41174	0.10919
813.98370	0.11000
812.55566	0.11090
811.12762	0.11182
809.69957	0.11275
808.27153	0.11368
806.84349	0.11461
805.41545	0.11549
803.98741	0.11626
802.55937	0.11686
801.13132	0.11733
799.70328	0.11777
798.27524	0.11828
796.84720	0.11888
795.41916	0.11959
793.99112	0.12044
792.56307	0.12148
791.13503	0.12273
789.70699	0.12412
788.27895	0.12559
786.85091	0.12711
785.42287	0.12865
783.99483	0.13023
782.56678	0.13182
781.13874	0.13341
779.71070	0.13505
778.28266	0.13681
776.85462	0.13870
775.42658	0.14069
773.99853	0.14269
772.57049	0.14463
771.14245	0.14652
769.71441	0.14840
768.28637	0.15024
766.85833	0.15199
765.43028	0.15362
764.00224	0.15516
762.57420	0.15668
761.14616	0.15825
759.71812	0.15991
758.29008	0.16170
756.86204	0.16359
755.43399	0.16556
754.00595	0.16763
752.57791	0.16984
751.14987	0.17215
749.72183	0.17457
748.29379	0.17707
746.86574	0.17966
745.43770	0.18233
744.00966	0.18506
742.58162	0.18781
741.15358	0.19058
739.72554	0.19340
738.29749	0.19632
736.86945	0.19929
735.44141	0.20230
734.01337	0.20530
732.58533	0.20830
731.15729	0.21128
729.72925	0.21424
728.30120	0.21717
726.87316	0.22009
725.44512	0.22293
724.01708	0.22560
722.58904	0.22814
721.16100	0.23070
719.73295	0.23334
718.30491	0.23594
716.87687	0.23840
715.44883	0.24080
714.02079	0.24327
712.59275	0.24589
711.16470	0.24867
709.73666	0.25158
708.30862	0.25460
706.88058	0.25771
705.45254	0.26087
704.02450	0.26403
702.59646	0.26706
701.16841	0.26993
699.74037	0.27261
698.31233	0.27510
696.88429	0.27742
695.45625	0.27962
694.02821	0.28180
692.60016	0.28395
691.17212	0.28600
689.74408	0.28793
688.31604	0.28976
686.88800	0.29149
685.45996	0.29314
684.03191	0.29473
682.60387	0.29629
681.17583	0.29778
679.74779	0.29918
678.31975	0.30050
676.89171	0.30177
675.46367	0.30298
674.03562	0.30407
672.60758	0.30502
671.17954	0.30590
669.75150	0.30709
668.32346	0.30895
666.89542	0.31079
665.46737	0.31199
664.03933	0.31296
662.61129	0.31403
661.18325	0.31526
659.75521	0.31657
658.32717	0.31796
656.89912	0.31947
655.47108	0.32103
654.04304	0.32252
652.61500	0.32385
651.18696	0.32504
649.75892	0.32621
648.33088	0.32736
646.90283	0.32843
645.47479	0.32945
644.04675	0.33046
642.61871	0.33143
641.19067	0.33227
639.76263	0.33293
638.33458	0.33350
636.90654	0.33410
635.47850	0.33474
634.05046	0.33530
632.62242	0.33577
631.19438	0.33623
629.76633	0.33674
628.33829	0.33723
626.91025	0.33761
625.48221	0.33787
624.05417	0.33812
622.62613	0.33844
621.19809	0.33882
619.77004	0.33918
618.34200	0.33954
616.91396	0.34005
615.48592	0.34079
614.05788	0.34172
612.62984	0.34263
611.20179	0.34328
609.77375	0.34360
608.34571	0.34360
606.91767	0.34330
605.48963	0.34269
604.06159	0.34187
602.63355	0.34105
601.20550	0.34039
599.77746	0.33989
598.34942	0.33944
596.92138	0.33901
595.49334	0.33865
594.06530	0.33841
592.63725	0.33829
591.20921	0.33835
589.78117	0.33868
588.35313	0.33923
586.92509	0.33991
585.49705	0.34066
584.06900	0.34149
582.64096	0.34246
581.21292	0.34364
579.78488	0.34499
578.35684	0.34651
576.92880	0.34820
575.50076	0.35004
574.07271	0.35192
572.64467	0.35380
571.21663	0.35577
569.78859	0.35795
568.36055	0.36046
566.93251	0.36341
565.50446	0.36689
564.07642	0.37083
562.64838	0.37503
561.22034	0.37931
559.79230	0.38366
558.36426	0.38822
556.93621	0.39309
555.50817	0.39819
554.08013	0.40326
552.65209	0.40796
551.22405	0.41207
549.79601	0.41545
548.36797	0.41804
546.93992	0.41989
545.51188	0.42108
544.08384	0.42164
542.65580	0.42163
541.22776	0.42117
539.79972	0.42035
538.37167	0.41920
536.94363	0.41777
535.51559	0.41622
534.08755	0.41472
532.65951	0.41333
531.23147	0.41204
529.80342	0.41082
528.37538	0.40957
526.94734	0.40815
525.51930	0.40666
524.09126	0.40545
522.66322	0.40465
521.23518	0.40412
519.80713	0.40372
518.37909	0.40343
516.95105	0.40322
515.52301	0.40297
514.09497	0.40264
512.66693	0.40233
511.23888	0.40211
509.81084	0.40196
508.38280	0.40178
506.95476	0.40153
505.52672	0.40126
504.09868	0.40097
502.67063	0.40051
501.24259	0.39983
499.81455	0.39902
498.38651	0.39817
496.95847	0.39723
495.53043	0.39630
494.10239	0.39583
492.67434	0.39615
491.24630	0.39679
489.81826	0.39680
488.39022	0.39588
486.96218	0.39444
485.53414	0.39299
484.10609	0.39180
482.67805	0.39085
481.25001	0.38982
479.82197	0.38843
478.39393	0.38664
476.96589	0.38467
475.53784	0.38276
474.10980	0.38115
472.68176	0.38007
471.25372	0.37942
469.82568	0.37866
468.39764	0.37753
466.96960	0.37621
465.54155	0.37486
464.11351	0.37327
462.68547	0.37135
461.25743	0.36953
459.82939	0.36833
458.40135	0.36776
456.97330	0.36729
455.54526	0.36657
454.11722	0.36563
452.68918	0.36447
451.26114	0.36316
449.83310	0.36197
448.40505	0.36108
446.97701	0.36050
445.54897	0.36013
444.12093	0.35978
442.69289	0.35923
441.26485	0.35851
439.83681	0.35785
438.40876	0.35728
436.98072	0.35667
435.55268	0.35628
434.12464	0.35672
432.69660	0.35827
431.26856	0.36044
429.84051	0.36241
428.41247	0.36378
426.98443	0.36467
425.55639	0.36525
424.12835	0.36551
422.70031	0.36545
421.27226	0.36513
419.84422	0.36436
418.41618	0.36306
416.98814	0.36208
415.56010	0.36172
414.13206	0.36144
412.70402	0.36080
411.27597	0.35979
409.84793	0.35870
408.41989	0.35766
406.99185	0.35649
405.56381	0.35516
404.13577	0.35380
402.70772	0.35229
401.27968	0.35015
399.85164	0.34699
