3998.51641	0.00021
3997.08837	0.00027
3995.66033	0.00034
3994.23229	0.00040
3992.80425	0.00045
3991.37620	0.00047
3989.94816	0.00045
3988.52012	0.00039
3987.09208	0.00033
3985.66404	0.00033
3984.23600	0.00037
3982.80796	0.00039
3981.37991	0.00038
3979.95187	0.00037
3978.52383	0.00040
3977.09579	0.00048
3975.66775	0.00054
3974.23971	0.00053
3972.81166	0.00047
3971.38362	0.00040
3969.95558	0.00035
3968.52754	0.00030
3967.09950	0.00026
3965.67146	0.00026
3964.24341	0.00032
3962.81537	0.00038
3961.38733	0.00040
3959.95929	0.00041
3958.53125	0.00045
3957.10321	0.00050
3955.67517	0.00051
3954.24712	0.00050
3952.81908	0.00051
3951.39104	0.00058
3949.96300	0.00064
3948.53496	0.00063
3947.10692	0.00058
3945.67887	0.00057
3944.25083	0.00062
3942.82279	0.00060
3941.39475	0.00047
3939.96671	0.00032
3938.53867	0.00022
3937.11062	0.00024
3935.68258	0.00038
3934.25454	0.00061
3932.82650	0.00082
3931.39846	0.00086
3929.97042	0.00075
3928.54238	0.00064
3927.11433	0.00066
3925.68629	0.00073
3924.25825	0.00073
3922.83021	0.00064
3921.40217	0.00059
3919.97413	0.00063
3918.54608	0.00067
3917.11804	0.00057
3915.69000	0.00035
3914.26196	0.00016
3912.83392	0.00007
3911.40588	0.00008
3909.97783	0.00017
3908.54979	0.00037
3907.12175	0.00070
3905.69371	0.00115
3904.26567	0.00154
3902.83763	0.00164
3901.40959	0.00152
3899.98154	0.00127
3898.55350	0.00097
3897.12546	0.00078
3895.69742	0.00080
3894.26938	0.00101
3892.84134	0.00119
3891.41329	0.00106
3889.98525	0.00075
3888.55721	0.00058
3887.12917	0.00065
3885.70113	0.00084
3884.27309	0.00098
3882.84504	0.00104
3881.41700	0.00096
3879.98896	0.00073
3878.56092	0.00052
3877.13288	0.00052
3875.70484	0.00072
3874.27680	0.00104
3872.84875	0.00136
3871.42071	0.00154
3869.99267	0.00147
3868.56463	0.00126
3867.13659	0.00121
3865.70855	0.00134
3864.28050	0.00141
3862.85246	0.00120
3861.42442	0.00089
3859.99638	0.00075
3858.56834	0.00086
3857.14030	0.00116
3855.71226	0.00157
3854.28421	0.00192
3852.85617	0.00175
3851.42813	0.00124
3850.00009	0.00082
3848.57205	0.00057
3847.14401	0.00048
3845.71596	0.00054
3844.28792	0.00075
3842.85988	0.00108
3841.43184	0.00151
3840.00380	0.00190
3838.57576	0.00197
3837.14771	0.00163
3835.71967	0.00121
3834.29163	0.00094
3832.86359	0.00077
3831.43555	0.00069
3830.00751	0.00070
3828.57947	0.00078
3827.15142	0.00090
3825.72338	0.00101
3824.29534	0.00116
3822.86730	0.00143
3821.43926	0.00168
3820.01122	0.00168
3818.58317	0.00150
3817.15513	0.00124
3815.72709	0.00083
3814.29905	0.00041
3812.87101	0.00017
3811.44297	0.00017
3810.01492	0.00038
3808.58688	0.00070
3807.15884	0.00093
3805.73080	0.00097
3804.30276	0.00102
3802.87472	0.00118
3801.44668	0.00126
3800.01863	0.00113
3798.59059	0.00091
3797.16255	0.00064
3795.73451	0.00031
3794.30647	0.00003
3792.87843	-0.00012
3791.45038	-0.00014
3790.02234	-0.00005
3788.59430	0.00012
3787.16626	0.00034
3785.73822	0.00049
3784.31018	0.00051
3782.88213	0.00051
3781.45409	0.00058
3780.02605	0.00065
3778.59801	0.00056
3777.16997	0.00036
3775.74193	0.00022
3774.31389	0.00025
3772.88584	0.00045
3771.45780	0.00072
3770.02976	0.00087
3768.60172	0.00081
3767.17368	0.00068
3765.74564	0.00061
3764.31759	0.00058
3762.88955	0.00063
3761.46151	0.00080
3760.03347	0.00104
3758.60543	0.00120
3757.17739	0.00122
3755.74934	0.00127
3754.32130	0.00152
3752.89326	0.00205
3751.46522	0.00269
3750.03718	0.00286
3748.60914	0.00263
3747.18110	0.00244
3745.75305	0.00227
3744.32501	0.00206
3742.89697	0.00193
3741.46893	0.00194
3740.04089	0.00207
3738.61285	0.00228
3737.18480	0.00255
3735.75676	0.00274
3734.32872	0.00262
3732.90068	0.00225
3731.47264	0.00191
3730.04460	0.00174
3728.61655	0.00176
3727.18851	0.00191
3725.76047	0.00204
3724.33243	0.00200
3722.90439	0.00178
3721.47635	0.00148
3720.04831	0.00120
3718.62026	0.00103
3717.19222	0.00102
3715.76418	0.00118
3714.33614	0.00152
3712.90810	0.00201
3711.48006	0.00230
3710.05201	0.00203
3708.62397	0.00157
3707.19593	0.00128
3705.76789	0.00120
3704.33985	0.00128
3702.91181	0.00140
3701.48376	0.00145
3700.05572	0.00142
3698.62768	0.00140
3697.19964	0.00144
3695.77160	0.00156
3694.34356	0.00180
3692.91552	0.00222
3691.48747	0.00280
3690.05943	0.00316
3688.63139	0.00285
3687.20335	0.00229
3685.77531	0.00195
3684.34727	0.00187
3682.91922	0.00201
3681.49118	0.00235
3680.06314	0.00280
3678.63510	0.00331
3677.20706	0.00376
3675.77902	0.00393
3674.35097	0.00385
3672.92293	0.00391
3671.49489	0.00411
3670.06685	0.00412
3668.63881	0.00379
3667.21077	0.00349
3665.78273	0.00343
3664.35468	0.00355
3662.92664	0.00373
3661.49860	0.00393
3660.07056	0.00419
3658.64252	0.00455
3657.21448	0.00498
3655.78643	0.00532
3654.35839	0.00556
3652.93035	0.00593
3651.50231	0.00661
3650.07427	0.00754
3648.64623	0.00783
3647.21818	0.00740
3645.79014	0.00712
3644.36210	0.00712
3642.93406	0.00726
3641.50602	0.00742
3640.07798	0.00756
3638.64994	0.00773
3637.22189	0.00798
3635.79385	0.00835
3634.36581	0.00884
3632.93777	0.00941
3631.50973	0.01005
3630.08169	0.01070
3628.65364	0.01103
3627.22560	0.01091
3625.79756	0.01083
3624.36952	0.01101
3622.94148	0.01144
3621.51344	0.01207
3620.08539	0.01271
3618.65735	0.01310
3617.22931	0.01329
3615.80127	0.01355
3614.37323	0.01388
3612.94519	0.01411
3611.51715	0.01421
3610.08910	0.01427
3608.66106	0.01432
3607.23302	0.01434
3605.80498	0.01444
3604.37694	0.01470
3602.94890	0.01513
3601.52085	0.01562
3600.09281	0.01600
3598.66477	0.01627
3597.23673	0.01654
3595.80869	0.01685
3594.38065	0.01711
3592.95261	0.01731
3591.52456	0.01760
3590.09652	0.01811
3588.66848	0.01878
3587.24044	0.01917
3585.81240	0.01913
3584.38436	0.01904
3582.95631	0.01912
3581.52827	0.01936
3580.10023	0.01970
3578.67219	0.02006
3577.24415	0.02040
3575.81611	0.02074
3574.38806	0.02107
3572.96002	0.02144
3571.53198	0.02194
3570.10394	0.02262
3568.67590	0.02345
3567.24786	0.02411
3565.81982	0.02428
3564.39177	0.02424
3562.96373	0.02429
3561.53569	0.02446
3560.10765	0.02467
3558.67961	0.02492
3557.25157	0.02524
3555.82352	0.02567
3554.39548	0.02618
3552.96744	0.02669
3551.53940	0.02711
3550.11136	0.02749
3548.68332	0.02794
3547.25527	0.02844
3545.82723	0.02881
3544.39919	0.02893
3542.97115	0.02897
3541.54311	0.02910
3540.11507	0.02940
3538.68703	0.02980
3537.25898	0.03019
3535.83094	0.03051
3534.40290	0.03081
3532.97486	0.03118
3531.54682	0.03167
3530.11878	0.03220
3528.69073	0.03267
3527.26269	0.03304
3525.83465	0.03336
3524.40661	0.03361
3522.97857	0.03376
3521.55053	0.03383
3520.12248	0.03394
3518.69444	0.03415
3517.26640	0.03444
3515.83836	0.03473
3514.41032	0.03502
3512.98228	0.03534
3511.55424	0.03571
3510.12619	0.03604
3508.69815	0.03628
3507.27011	0.03651
3505.84207	0.03684
3504.41403	0.03719
3502.98599	0.03740
3501.55794	0.03746
3500.12990	0.03753
3498.70186	0.03767
3497.27382	0.03784
3495.84578	0.03800
3494.41774	0.03815
3492.98969	0.03834
3491.56165	0.03860
3490.13361	0.03889
3488.70557	0.03914
3487.27753	0.03936
3485.84949	0.03960
3484.42145	0.03985
3482.99340	0.04007
3481.56536	0.04019
3480.13732	0.04023
3478.70928	0.04033
3477.28124	0.04053
3475.85320	0.04077
3474.42515	0.04098
3472.99711	0.04114
3471.56907	0.04132
3470.14103	0.04156
3468.71299	0.04181
3467.28495	0.04201
3465.85690	0.04213
3464.42886	0.04225
3463.00082	0.04241
3461.57278	0.04258
3460.14474	0.04271
3458.71670	0.04285
3457.28866	0.04300
3455.86061	0.04314
3454.43257	0.04327
3453.00453	0.04340
3451.57649	0.04362
3450.14845	0.04394
3448.72041	0.04427
3447.29236	0.04452
3445.86432	0.04467
3444.43628	0.04480
3443.00824	0.04493
3441.58020	0.04504
3440.15216	0.04515
3438.72411	0.04529
3437.29607	0.04548
3435.86803	0.04572
3434.43999	0.04599
3433.01195	0.04625
3431.58391	0.04646
3430.15587	0.04665
3428.72782	0.04687
3427.29978	0.04711
3425.87174	0.04740
3424.44370	0.04775
3423.01566	0.04811
3421.58762	0.04841
3420.15957	0.04863
3418.73153	0.04881
3417.30349	0.04902
3415.87545	0.04926
3414.44741	0.04949
3413.01937	0.04971
3411.59132	0.04996
3410.16328	0.05025
3408.73524	0.05058
3407.30720	0.05090
3405.87916	0.05119
3404.45112	0.05147
3403.02308	0.05174
3401.59503	0.05203
3400.16699	0.05233
3398.73895	0.05264
3397.31091	0.05293
3395.88287	0.05321
3394.45483	0.05346
3393.02678	0.05370
3391.59874	0.05392
3390.17070	0.05414
3388.74266	0.05439
3387.31462	0.05466
3385.88658	0.05494
3384.45853	0.05522
3383.03049	0.05552
3381.60245	0.05587
3380.17441	0.05626
3378.74637	0.05666
3377.31833	0.05704
3375.89029	0.05738
3374.46224	0.05769
3373.03420	0.05802
3371.60616	0.05842
3370.17812	0.05889
3368.75008	0.05939
3367.32204	0.05988
3365.89399	0.06028
3364.46595	0.06062
3363.03791	0.06098
3361.60987	0.06140
3360.18183	0.06186
3358.75379	0.06235
3357.32575	0.06289
3355.89770	0.06347
3354.46966	0.06406
3353.04162	0.06467
3351.61358	0.06530
3350.18554	0.06595
3348.75750	0.06661
3347.32945	0.06726
3345.90141	0.06793
3344.47337	0.06867
3343.04533	0.06950
3341.61729	0.07042
3340.18925	0.07139
3338.76120	0.07232
3337.33316	0.07318
3335.90512	0.07396
3334.47708	0.07474
3333.04904	0.07563
3331.62100	0.07666
3330.19296	0.07782
3328.76491	0.07907
3327.33687	0.08031
3325.90883	0.08151
3324.48079	0.08265
3323.05275	0.08377
3321.62471	0.08494
3320.19666	0.08621
3318.76862	0.08757
3317.34058	0.08899
3315.91254	0.09043
3314.48450	0.09191
3313.05646	0.09346
3311.62841	0.09511
3310.20037	0.09682
3308.77233	0.09852
3307.34429	0.10017
3305.91625	0.10178
3304.48821	0.10338
3303.06017	0.10499
3301.63212	0.10664
3300.20408	0.10838
3298.77604	0.11024
3297.34800	0.11217
3295.91996	0.11412
3294.49192	0.11601
3293.06387	0.11779
3291.63583	0.11945
3290.20779	0.12100
3288.77975	0.12249
3287.35171	0.12394
3285.92367	0.12531
3284.49562	0.12657
3283.06758	0.12772
3281.63954	0.12873
3280.21150	0.12957
3278.78346	0.13020
3277.35542	0.13062
3275.92738	0.13080
3274.49933	0.13070
3273.07129	0.13034
3271.64325	0.12974
3270.21521	0.12887
3268.78717	0.12770
3267.35913	0.12627
3265.93108	0.12470
3264.50304	0.12309
3263.07500	0.12147
3261.64696	0.11985
3260.21892	0.11825
3258.79088	0.11669
3257.36283	0.11514
3255.93479	0.11352
3254.50675	0.11176
3253.07871	0.10994
3251.65067	0.10826
3250.22263	0.10683
3248.79459	0.10559
3247.36654	0.10438
3245.93850	0.10300
3244.51046	0.10144
3243.08242	0.09988
3241.65438	0.09845
3240.22634	0.09717
3238.79829	0.09604
3237.37025	0.09504
3235.94221	0.09414
3234.51417	0.09324
3233.08613	0.09220
3231.65809	0.09099
3230.23004	0.08973
3228.80200	0.08855
3227.37396	0.08748
3225.94592	0.08646
3224.51788	0.08547
3223.08984	0.08455
3221.66180	0.08374
3220.23375	0.08296
3218.80571	0.08215
3217.37767	0.08130
3215.94963	0.08045
3214.52159	0.07960
3213.09355	0.07870
3211.66550	0.07775
3210.23746	0.07680
3208.80942	0.07590
3207.38138	0.07509
3205.95334	0.07433
3204.52530	0.07358
3203.09725	0.07281
3201.66921	0.07201
3200.24117	0.07120
3198.81313	0.07037
3197.38509	0.06954
3195.95705	0.06872
3194.52901	0.06794
3193.10096	0.06721
3191.67292	0.06650
3190.24488	0.06575
3188.81684	0.06496
3187.38880	0.06414
3185.96076	0.06333
3184.53271	0.06254
3183.10467	0.06176
3181.67663	0.06102
3180.24859	0.06030
3178.82055	0.05956
3177.39251	0.05881
3175.96446	0.05808
3174.53642	0.05739
3173.10838	0.05673
3171.68034	0.05608
3170.25230	0.05543
3168.82426	0.05477
3167.39622	0.05413
3165.96817	0.05352
3164.54013	0.05291
3163.11209	0.05231
3161.68405	0.05173
3160.25601	0.05118
3158.82797	0.05067
3157.39992	0.05022
3155.97188	0.04981
3154.54384	0.04942
3153.11580	0.04899
3151.68776	0.04849
3150.25972	0.04794
3148.83167	0.04740
3147.40363	0.04689
3145.97559	0.04643
3144.54755	0.04603
3143.11951	0.04571
3141.69147	0.04549
3140.26343	0.04530
3138.83538	0.04505
3137.40734	0.04471
3135.97930	0.04435
3134.55126	0.04404
3133.12322	0.04384
3131.69518	0.04375
3130.26713	0.04371
3128.83909	0.04360
3127.41105	0.04342
3125.98301	0.04328
3124.55497	0.04327
3123.12693	0.04339
3121.69888	0.04353
3120.27084	0.04365
3118.84280	0.04372
3117.41476	0.04377
3115.98672	0.04380
3114.55868	0.04383
3113.13064	0.04389
3111.70259	0.04402
3110.27455	0.04420
3108.84651	0.04434
3107.41847	0.04441
3105.99043	0.04446
3104.56239	0.04461
3103.13434	0.04491
3101.70630	0.04532
3100.27826	0.04568
3098.85022	0.04588
3097.42218	0.04599
3095.99414	0.04614
3094.56610	0.04641
3093.13805	0.04681
3091.71001	0.04727
3090.28197	0.04772
3088.85393	0.04809
3087.42589	0.04841
3085.99785	0.04871
3084.56980	0.04897
3083.14176	0.04920
3081.71372	0.04937
3080.28568	0.04949
3078.85764	0.04953
3077.42960	0.04945
3076.00155	0.04923
3074.57351	0.04896
3073.14547	0.04878
3071.71743	0.04874
3070.28939	0.04878
3068.86135	0.04878
3067.43331	0.04865
3066.00526	0.04832
3064.57722	0.04777
3063.14918	0.04710
3061.72114	0.04642
3060.29310	0.04587
3058.86506	0.04548
3057.43701	0.04515
3056.00897	0.04473
3054.58093	0.04422
3053.15289	0.04370
3051.72485	0.04319
3050.29681	0.04263
3048.86876	0.04203
3047.44072	0.04145
3046.01268	0.04095
3044.58464	0.04046
3043.15660	0.03988
3041.72856	0.03920
3040.30052	0.03842
3038.87247	0.03768
3037.44443	0.03712
3036.01639	0.03677
3034.58835	0.03646
3033.16031	0.03603
3031.73227	0.03544
3030.30422	0.03477
3028.87618	0.03415
3027.44814	0.03369
3026.02010	0.03337
3024.59206	0.03308
3023.16402	0.03275
3021.73597	0.03242
3020.30793	0.03216
3018.87989	0.03198
3017.45185	0.03183
3016.02381	0.03169
3014.59577	0.03153
3013.16773	0.03132
3011.73968	0.03102
3010.31164	0.03063
3008.88360	0.03023
3007.45556	0.02993
3006.02752	0.02983
3004.59948	0.02987
3003.17143	0.02999
3001.74339	0.03017
3000.31535	0.03043
2998.88731	0.03078
2997.45927	0.03116
2996.03123	0.03154
2994.60318	0.03198
2993.17514	0.03242
2991.74710	0.03277
2990.31906	0.03299
2988.89102	0.03320
2987.46298	0.03350
2986.03494	0.03390
2984.60689	0.03436
2983.17885	0.03480
2981.75081	0.03512
2980.32277	0.03526
2978.89473	0.03524
2977.46669	0.03514
2976.03864	0.03502
2974.61060	0.03486
2973.18256	0.03463
2971.75452	0.03437
2970.32648	0.03412
2968.89844	0.03389
2967.47039	0.03365
2966.04235	0.03339
2964.61431	0.03313
2963.18627	0.03284
2961.75823	0.03249
2960.33019	0.03211
2958.90215	0.03178
2957.47410	0.03157
2956.04606	0.03152
2954.61802	0.03159
2953.18998	0.03173
2951.76194	0.03190
2950.33390	0.03212
2948.90585	0.03243
2947.47781	0.03286
2946.04977	0.03334
2944.62173	0.03381
2943.19369	0.03422
2941.76565	0.03458
2940.33760	0.03491
2938.90956	0.03522
2937.48152	0.03549
2936.05348	0.03570
2934.62544	0.03582
2933.19740	0.03586
2931.76936	0.03579
2930.34131	0.03555
2928.91327	0.03511
2927.48523	0.03450
2926.05719	0.03379
2924.62915	0.03305
2923.20111	0.03234
2921.77306	0.03173
2920.34502	0.03124
2918.91698	0.03082
2917.48894	0.03040
2916.06090	0.02993
2914.63286	0.02945
2913.20481	0.02897
2911.77677	0.02847
2910.34873	0.02793
2908.92069	0.02739
2907.49265	0.02692
2906.06461	0.02654
2904.63657	0.02626
2903.20852	0.02600
2901.78048	0.02576
2900.35244	0.02555
2898.92440	0.02539
2897.49636	0.02528
2896.06832	0.02515
2894.64027	0.02497
2893.21223	0.02475
2891.78419	0.02456
2890.35615	0.02445
2888.92811	0.02442
2887.50007	0.02447
2886.07202	0.02457
2884.64398	0.02468
2883.21594	0.02477
2881.78790	0.02484
2880.35986	0.02488
2878.93182	0.02493
2877.50378	0.02501
2876.07573	0.02512
2874.64769	0.02517
2873.21965	0.02505
2871.79161	0.02470
2870.36357	0.02420
2868.93553	0.02368
2867.50748	0.02320
2866.07944	0.02277
2864.65140	0.02239
2863.22336	0.02208
2861.79532	0.02182
2860.36728	0.02157
2858.93924	0.02127
2857.51119	0.02093
2856.08315	0.02060
2854.65511	0.02031
2853.22707	0.02006
2851.79903	0.01986
2850.37099	0.01972
2848.94294	0.01961
2847.51490	0.01946
2846.08686	0.01925
2844.65882	0.01904
2843.23078	0.01889
2841.80274	0.01884
2840.37469	0.01884
2838.94665	0.01880
2837.51861	0.01871
2836.09057	0.01859
2834.66253	0.01847
2833.23449	0.01834
2831.80645	0.01820
2830.37840	0.01807
2828.95036	0.01797
2827.52232	0.01792
2826.09428	0.01792
2824.66624	0.01795
2823.23820	0.01797
2821.81015	0.01795
2820.38211	0.01790
2818.95407	0.01781
2817.52603	0.01771
2816.09799	0.01763
2814.66995	0.01759
2813.24190	0.01759
2811.81386	0.01761
2810.38582	0.01761
2808.95778	0.01750
2807.52974	0.01732
2806.10170	0.01715
2804.67366	0.01705
2803.24561	0.01701
2801.81757	0.01702
2800.38953	0.01704
2798.96149	0.01703
2797.53345	0.01695
2796.10541	0.01681
2794.67736	0.01667
2793.24932	0.01656
2791.82128	0.01650
2790.39324	0.01645
2788.96520	0.01634
2787.53716	0.01613
2786.10911	0.01588
2784.68107	0.01565
2783.25303	0.01547
2781.82499	0.01535
2780.39695	0.01524
2778.96891	0.01516
2777.54087	0.01511
2776.11282	0.01506
2774.68478	0.01497
2773.25674	0.01481
2771.82870	0.01461
2770.40066	0.01441
2768.97262	0.01424
2767.54457	0.01410
2766.11653	0.01397
2764.68849	0.01384
2763.26045	0.01371
2761.83241	0.01359
2760.40437	0.01348
2758.97632	0.01340
2757.54828	0.01331
2756.12024	0.01320
2754.69220	0.01308
2753.26416	0.01297
2751.83612	0.01292
2750.40808	0.01289
2748.98003	0.01282
2747.55199	0.01269
2746.12395	0.01250
2744.69591	0.01230
2743.26787	0.01213
2741.83983	0.01200
2740.41178	0.01190
2738.98374	0.01182
2737.55570	0.01177
2736.12766	0.01171
2734.69962	0.01163
2733.27158	0.01150
2731.84353	0.01137
2730.41549	0.01128
2728.98745	0.01125
2727.55941	0.01126
2726.13137	0.01125
2724.70333	0.01118
2723.27529	0.01107
2721.84724	0.01092
2720.41920	0.01079
2718.99116	0.01068
2717.56312	0.01060
2716.13508	0.01053
2714.70704	0.01044
2713.27899	0.01035
2711.85095	0.01029
2710.42291	0.01024
2708.99487	0.01019
2707.56683	0.01012
2706.13879	0.01006
2704.71074	0.01001
2703.28270	0.00997
2701.85466	0.00994
2700.42662	0.00992
2698.99858	0.00990
2697.57054	0.00985
2696.14250	0.00978
2694.71445	0.00970
2693.28641	0.00962
2691.85837	0.00955
2690.43033	0.00950
2689.00229	0.00944
2687.57425	0.00938
2686.14620	0.00932
2684.71816	0.00929
2683.29012	0.00933
2681.86208	0.00940
2680.43404	0.00943
2679.00600	0.00937
2677.57795	0.00925
2676.14991	0.00912
2674.72187	0.00902
2673.29383	0.00894
2671.86579	0.00886
2670.43775	0.00878
2669.00971	0.00871
2667.58166	0.00866
2666.15362	0.00863
2664.72558	0.00860
2663.29754	0.00858
2661.86950	0.00856
2660.44146	0.00853
2659.01341	0.00849
2657.58537	0.00843
2656.15733	0.00838
2654.72929	0.00835
2653.30125	0.00832
2651.87321	0.00826
2650.44516	0.00819
2649.01712	0.00813
2647.58908	0.00807
2646.16104	0.00803
2644.73300	0.00801
2643.30496	0.00800
2641.87692	0.00801
2640.44887	0.00802
2639.02083	0.00800
2637.59279	0.00797
2636.16475	0.00794
2634.73671	0.00792
2633.30867	0.00787
2631.88062	0.00780
2630.45258	0.00771
2629.02454	0.00767
2627.59650	0.00766
2626.16846	0.00765
2624.74042	0.00761
2623.31237	0.00753
2621.88433	0.00746
2620.45629	0.00741
2619.02825	0.00740
2617.60021	0.00737
2616.17217	0.00731
2614.74413	0.00724
2613.31608	0.00720
2611.88804	0.00719
2610.46000	0.00717
2609.03196	0.00712
2607.60392	0.00705
2606.17588	0.00697
2604.74783	0.00690
2603.31979	0.00686
2601.89175	0.00682
2600.46371	0.00675
2599.03567	0.00663
2597.60763	0.00649
2596.17959	0.00636
2594.75154	0.00627
2593.32350	0.00619
2591.89546	0.00612
2590.46742	0.00603
2589.03938	0.00594
2587.61134	0.00585
2586.18329	0.00578
2584.75525	0.00574
2583.32721	0.00570
2581.89917	0.00566
2580.47113	0.00559
2579.04309	0.00552
2577.61504	0.00544
2576.18700	0.00538
2574.75896	0.00531
2573.33092	0.00522
2571.90288	0.00514
2570.47484	0.00508
2569.04680	0.00502
2567.61875	0.00495
2566.19071	0.00488
2564.76267	0.00482
2563.33463	0.00477
2561.90659	0.00472
2560.47855	0.00465
2559.05050	0.00457
2557.62246	0.00449
2556.19442	0.00444
2554.76638	0.00441
2553.33834	0.00439
2551.91030	0.00434
2550.48225	0.00426
2549.05421	0.00416
2547.62617	0.00406
2546.19813	0.00401
2544.77009	0.00401
2543.34205	0.00402
2541.91401	0.00399
2540.48596	0.00393
2539.05792	0.00389
2537.62988	0.00388
2536.20184	0.00388
2534.77380	0.00384
2533.34576	0.00380
2531.91771	0.00375
2530.48967	0.00372
2529.06163	0.00370
2527.63359	0.00368
2526.20555	0.00368
2524.77751	0.00367
2523.34946	0.00369
2521.92142	0.00372
2520.49338	0.00371
2519.06534	0.00363
2517.63730	0.00352
2516.20926	0.00346
2514.78122	0.00346
2513.35317	0.00350
2511.92513	0.00352
2510.49709	0.00347
2509.06905	0.00339
2507.64101	0.00333
2506.21297	0.00333
2504.78492	0.00338
2503.35688	0.00343
2501.92884	0.00347
2500.50080	0.00346
2499.07276	0.00340
2497.64472	0.00331
2496.21667	0.00324
2494.78863	0.00320
2493.36059	0.00318
2491.93255	0.00319
2490.50451	0.00320
2489.07647	0.00316
2487.64843	0.00307
2486.22038	0.00298
2484.79234	0.00293
2483.36430	0.00292
2481.93626	0.00292
2480.50822	0.00289
2479.08018	0.00284
2477.65213	0.00278
2476.22409	0.00274
2474.79605	0.00272
2473.36801	0.00273
2471.93997	0.00276
2470.51193	0.00276
2469.08388	0.00271
2467.65584	0.00261
2466.22780	0.00253
2464.79976	0.00248
2463.37172	0.00247
2461.94368	0.00248
2460.51564	0.00250
2459.08759	0.00254
2457.65955	0.00257
2456.23151	0.00254
2454.80347	0.00251
2453.37543	0.00249
2451.94739	0.00250
2450.51934	0.00247
2449.09130	0.00242
2447.66326	0.00238
2446.23522	0.00237
2444.80718	0.00238
2443.37914	0.00238
2441.95109	0.00238
2440.52305	0.00242
2439.09501	0.00246
2437.66697	0.00246
2436.23893	0.00240
2434.81089	0.00234
2433.38285	0.00231
2431.95480	0.00230
2430.52676	0.00229
2429.09872	0.00228
2427.67068	0.00230
2426.24264	0.00233
2424.81460	0.00234
2423.38655	0.00232
2421.95851	0.00229
2420.53047	0.00231
2419.10243	0.00237
2417.67439	0.00243
2416.24635	0.00243
2414.81830	0.00237
2413.39026	0.00231
2411.96222	0.00228
2410.53418	0.00227
2409.10614	0.00227
2407.67810	0.00229
2406.25006	0.00233
2404.82201	0.00238
2403.39397	0.00239
2401.96593	0.00238
2400.53789	0.00238
2399.10985	0.00240
2397.68181	0.00243
2396.25376	0.00244
2394.82572	0.00242
2393.39768	0.00242
2391.96964	0.00244
2390.54160	0.00252
2389.11356	0.00262
2387.68551	0.00272
2386.25747	0.00282
2384.82943	0.00295
2383.40139	0.00312
2381.97335	0.00329
2380.54531	0.00343
2379.11727	0.00354
2377.68922	0.00369
2376.26118	0.00390
2374.83314	0.00410
2373.40510	0.00420
2371.97706	0.00415
2370.54902	0.00396
2369.12097	0.00364
2367.69293	0.00322
2366.26489	0.00278
2364.83685	0.00244
2363.40881	0.00220
2361.98077	0.00197
2360.55273	0.00161
2359.12468	0.00123
2357.69664	0.00122
2356.26860	0.00175
2354.84056	0.00266
2353.41252	0.00362
2351.98448	0.00435
2350.55643	0.00476
2349.12839	0.00492
2347.70035	0.00492
2346.27231	0.00479
2344.84427	0.00450
2343.41623	0.00415
2341.98818	0.00394
2340.56014	0.00387
2339.13210	0.00386
2337.70406	0.00390
2336.27602	0.00396
2334.84798	0.00395
2333.41994	0.00384
2331.99189	0.00375
2330.56385	0.00385
2329.13581	0.00423
2327.70777	0.00472
2326.27973	0.00510
2324.85169	0.00523
2323.42364	0.00511
2321.99560	0.00488
2320.56756	0.00465
2319.13952	0.00448
2317.71148	0.00435
2316.28344	0.00425
2314.85539	0.00418
2313.42735	0.00415
2311.99931	0.00411
2310.57127	0.00403
2309.14323	0.00389
2307.71519	0.00374
2306.28715	0.00360
2304.85910	0.00349
2303.43106	0.00342
2302.00302	0.00338
2300.57498	0.00333
2299.14694	0.00329
2297.71890	0.00327
2296.29085	0.00327
2294.86281	0.00323
2293.43477	0.00312
2292.00673	0.00300
2290.57869	0.00291
2289.15065	0.00285
2287.72260	0.00280
2286.29456	0.00274
2284.86652	0.00264
2283.43848	0.00250
2282.01044	0.00235
2280.58240	0.00222
2279.15436	0.00213
2277.72631	0.00207
2276.29827	0.00203
2274.87023	0.00201
2273.44219	0.00202
2272.01415	0.00206
2270.58611	0.00208
2269.15806	0.00204
2267.73002	0.00195
2266.30198	0.00187
2264.87394	0.00185
2263.44590	0.00185
2262.01786	0.00181
2260.58981	0.00173
2259.16177	0.00164
2257.73373	0.00157
2256.30569	0.00151
2254.87765	0.00145
2253.44961	0.00140
2252.02157	0.00138
2250.59352	0.00142
2249.16548	0.00148
2247.73744	0.00151
2246.30940	0.00150
2244.88136	0.00148
2243.45332	0.00146
2242.02527	0.00142
2240.59723	0.00137
2239.16919	0.00134
2237.74115	0.00136
2236.31311	0.00140
2234.88507	0.00141
2233.45702	0.00135
2232.02898	0.00127
2230.60094	0.00117
2229.17290	0.00103
2227.74486	0.00083
2226.31682	0.00063
2224.88878	0.00054
2223.46073	0.00060
2222.03269	0.00075
2220.60465	0.00090
2219.17661	0.00099
2217.74857	0.00104
2216.32053	0.00109
2214.89248	0.00114
2213.46444	0.00111
2212.03640	0.00101
2210.60836	0.00087
2209.18032	0.00080
2207.75228	0.00083
2206.32423	0.00094
2204.89619	0.00109
2203.46815	0.00121
2202.04011	0.00128
2200.61207	0.00130
2199.18403	0.00125
2197.75599	0.00116
2196.32794	0.00105
2194.89990	0.00098
2193.47186	0.00094
2192.04382	0.00086
2190.61578	0.00071
2189.18774	0.00053
2187.75969	0.00038
2186.33165	0.00021
2184.90361	0.00001
2183.47557	-0.00017
2182.04753	-0.00021
2180.61949	-0.00014
2179.19144	-0.00011
2177.76340	-0.00023
2176.33536	-0.00043
2174.90732	-0.00057
2173.47928	-0.00055
2172.05124	-0.00036
2170.62320	-0.00015
2169.19515	-0.00013
2167.76711	-0.00033
2166.33907	-0.00057
2164.91103	-0.00069
2163.48299	-0.00076
2162.05495	-0.00104
2160.62690	-0.00160
2159.19886	-0.00210
2157.77082	-0.00221
2156.34278	-0.00205
2154.91474	-0.00185
2153.48670	-0.00168
2152.05865	-0.00149
2150.63061	-0.00126
2149.20257	-0.00104
2147.77453	-0.00090
2146.34649	-0.00080
2144.91845	-0.00072
2143.49041	-0.00063
2142.06236	-0.00053
2140.63432	-0.00042
2139.20628	-0.00032
2137.77824	-0.00026
2136.35020	-0.00023
2134.92216	-0.00016
2133.49411	-0.00002
2132.06607	0.00019
2130.63803	0.00043
2129.20999	0.00067
2127.78195	0.00087
2126.35391	0.00102
2124.92586	0.00109
2123.49782	0.00115
2122.06978	0.00124
2120.64174	0.00134
2119.21370	0.00143
2117.78566	0.00149
2116.35762	0.00154
2114.92957	0.00159
2113.50153	0.00164
2112.07349	0.00168
2110.64545	0.00166
2109.21741	0.00160
2107.78937	0.00151
2106.36132	0.00145
2104.93328	0.00144
2103.50524	0.00149
2102.07720	0.00154
2100.64916	0.00158
2099.22112	0.00159
2097.79308	0.00153
2096.36503	0.00145
2094.93699	0.00143
2093.50895	0.00150
2092.08091	0.00164
2090.65287	0.00178
2089.22483	0.00185
2087.79678	0.00182
2086.36874	0.00175
2084.94070	0.00169
2083.51266	0.00165
2082.08462	0.00163
2080.65658	0.00161
2079.22853	0.00155
2077.80049	0.00146
2076.37245	0.00137
2074.94441	0.00132
2073.51637	0.00133
2072.08833	0.00133
2070.66029	0.00124
2069.23224	0.00112
2067.80420	0.00107
2066.37616	0.00114
2064.94812	0.00128
2063.52008	0.00139
2062.09204	0.00140
2060.66399	0.00135
2059.23595	0.00128
2057.80791	0.00119
2056.37987	0.00110
2054.95183	0.00106
2053.52379	0.00111
2052.09574	0.00112
2050.66770	0.00098
2049.23966	0.00071
2047.81162	0.00046
2046.38358	0.00030
2044.95554	0.00022
2043.52750	0.00019
2042.09945	0.00023
2040.67141	0.00030
2039.24337	0.00026
2037.81533	0.00004
2036.38729	-0.00030
2034.95925	-0.00061
2033.53120	-0.00080
2032.10316	-0.00081
2030.67512	-0.00070
2029.24708	-0.00063
2027.81904	-0.00075
2026.39100	-0.00101
2024.96295	-0.00124
2023.53491	-0.00131
2022.10687	-0.00122
2020.67883	-0.00106
2019.25079	-0.00089
2017.82275	-0.00074
2016.39471	-0.00058
2014.96666	-0.00044
2013.53862	-0.00037
2012.11058	-0.00040
2010.68254	-0.00051
2009.25450	-0.00064
2007.82646	-0.00076
2006.39841	-0.00077
2004.97037	-0.00063
2003.54233	-0.00044
2002.11429	-0.00031
2000.68625	-0.00021
1999.25821	-0.00011
1997.83016	-0.00000
1996.40212	0.00011
1994.97408	0.00021
1993.54604	0.00025
1992.11800	0.00019
1990.68996	0.00004
1989.26192	-0.00013
1987.83387	-0.00026
1986.40583	-0.00031
1984.97779	-0.00027
1983.54975	-0.00009
1982.12171	0.00020
1980.69367	0.00041
1979.26562	0.00033
1977.83758	0.00003
1976.40954	-0.00021
1974.98150	-0.00024
1973.55346	-0.00015
1972.12542	-0.00006
1970.69737	0.00002
1969.26933	0.00009
1967.84129	0.00018
1966.41325	0.00026
1964.98521	0.00025
1963.55717	0.00011
1962.12913	-0.00007
1960.70108	-0.00013
1959.27304	-0.00003
1957.84500	0.00019
1956.41696	0.00042
1954.98892	0.00059
1953.56088	0.00063
1952.13283	0.00057
1950.70479	0.00052
1949.27675	0.00057
1947.84871	0.00070
1946.42067	0.00092
1944.99263	0.00117
1943.56458	0.00138
1942.13654	0.00143
1940.70850	0.00132
1939.28046	0.00118
1937.85242	0.00111
1936.42438	0.00114
1934.99634	0.00125
1933.56829	0.00136
1932.14025	0.00142
1930.71221	0.00148
1929.28417	0.00153
1927.85613	0.00157
1926.42809	0.00158
1925.00004	0.00162
1923.57200	0.00172
1922.14396	0.00184
1920.71592	0.00196
1919.28788	0.00203
1917.85984	0.00202
1916.43179	0.00190
1915.00375	0.00181
1913.57571	0.00186
1912.14767	0.00202
1910.71963	0.00217
1909.29159	0.00221
1907.86355	0.00216
1906.43550	0.00210
1905.00746	0.00207
1903.57942	0.00206
1902.15138	0.00204
1900.72334	0.00206
1899.29530	0.00213
1897.86725	0.00225
1896.43921	0.00236
1895.01117	0.00240
1893.58313	0.00240
1892.15509	0.00246
1890.72705	0.00256
1889.29900	0.00259
1887.87096	0.00252
1886.44292	0.00243
1885.01488	0.00241
1883.58684	0.00243
1882.15880	0.00248
1880.73076	0.00251
1879.30271	0.00253
1877.87467	0.00254
1876.44663	0.00253
1875.01859	0.00253
1873.59055	0.00257
1872.16251	0.00274
1870.73446	0.00303
1869.30642	0.00330
1867.87838	0.00329
1866.45034	0.00304
1865.02230	0.00283
1863.59426	0.00276
1862.16622	0.00277
1860.73817	0.00280
1859.31013	0.00283
1857.88209	0.00284
1856.45405	0.00284
1855.02601	0.00283
1853.59797	0.00282
1852.16992	0.00281
1850.74188	0.00286
1849.31384	0.00302
1847.88580	0.00326
1846.45776	0.00356
1845.02972	0.00375
1843.60167	0.00369
1842.17363	0.00348
1840.74559	0.00334
1839.31755	0.00334
1837.88951	0.00340
1836.46147	0.00345
1835.03343	0.00348
1833.60538	0.00357
1832.17734	0.00376
1830.74930	0.00401
1829.32126	0.00415
1827.89322	0.00415
1826.46518	0.00411
1825.03713	0.00406
1823.60909	0.00401
1822.18105	0.00393
1820.75301	0.00387
1819.32497	0.00387
1817.89693	0.00389
1816.46888	0.00395
1815.04084	0.00408
1813.61280	0.00429
1812.18476	0.00451
1810.75672	0.00464
1809.32868	0.00464
1807.90064	0.00460
1806.47259	0.00460
1805.04455	0.00470
1803.61651	0.00488
1802.18847	0.00510
1800.76043	0.00528
1799.33239	0.00538
1797.90434	0.00547
1796.47630	0.00562
1795.04826	0.00581
1793.62022	0.00599
1792.19218	0.00602
1790.76414	0.00583
1789.33609	0.00560
1787.90805	0.00551
1786.48001	0.00556
1785.05197	0.00569
1783.62393	0.00586
1782.19589	0.00603
1780.76785	0.00615
1779.33980	0.00622
1777.91176	0.00630
1776.48372	0.00646
1775.05568	0.00674
1773.62764	0.00707
1772.19960	0.00724
1770.77155	0.00716
1769.34351	0.00699
1767.91547	0.00685
1766.48743	0.00678
1765.05939	0.00681
1763.63135	0.00695
1762.20330	0.00713
1760.77526	0.00728
1759.34722	0.00740
1757.91918	0.00749
1756.49114	0.00756
1755.06310	0.00763
1753.63506	0.00781
1752.20701	0.00818
1750.77897	0.00871
1749.35093	0.00911
1747.92289	0.00923
1746.49485	0.00924
1745.06681	0.00927
1743.63876	0.00934
1742.21072	0.00944
1740.78268	0.00959
1739.35464	0.00979
1737.92660	0.01003
1736.49856	0.01031
1735.07051	0.01073
1733.64247	0.01124
1732.21443	0.01147
1730.78639	0.01147
1729.35835	0.01146
1727.93031	0.01155
1726.50227	0.01181
1725.07422	0.01227
1723.64618	0.01285
1722.21814	0.01345
1720.79010	0.01411
1719.36206	0.01504
1717.93402	0.01657
1716.50597	0.01841
1715.07793	0.01967
1713.64989	0.02058
1712.22185	0.02179
1710.79381	0.02353
1709.36577	0.02588
1707.93772	0.02931
1706.50968	0.03470
1705.08164	0.04161
1703.65360	0.04785
1702.22556	0.05278
1700.79752	0.05749
1699.36948	0.06186
1697.94143	0.06418
1696.51339	0.06457
1695.08535	0.06463
1693.65731	0.06516
1692.22927	0.06619
1690.80123	0.06779
1689.37318	0.06987
1687.94514	0.07202
1686.51710	0.07418
1685.08906	0.07726
1683.66102	0.08141
1682.23298	0.08468
1680.80493	0.08701
1679.37689	0.08924
1677.94885	0.09173
1676.52081	0.09487
1675.09277	0.09876
1673.66473	0.10261
1672.23669	0.10602
1670.80864	0.10985
1669.38060	0.11443
1667.95256	0.11842
1666.52452	0.12150
1665.09648	0.12471
1663.66844	0.12896
1662.24039	0.13413
1660.81235	0.13892
1659.38431	0.14296
1657.95627	0.14677
1656.52823	0.15060
1655.10019	0.15488
1653.67214	0.16058
1652.24410	0.16583
1650.81606	0.16861
1649.38802	0.17071
1647.95998	0.17294
1646.53194	0.17490
1645.10390	0.17632
1643.67585	0.17778
1642.24781	0.17956
1640.81977	0.18165
1639.39173	0.18403
1637.96369	0.18684
1636.53565	0.19044
1635.10760	0.19441
1633.67956	0.19798
1632.25152	0.20160
1630.82348	0.20590
1629.39544	0.21130
1627.96740	0.21770
1626.53935	0.22421
1625.11131	0.23040
1623.68327	0.23649
1622.25523	0.24173
1620.82719	0.24519
1619.39915	0.24685
1617.97111	0.24549
1616.54306	0.23926
1615.11502	0.23132
1613.68698	0.22504
1612.25894	0.21903
1610.83090	0.21141
1609.40286	0.20158
1607.97481	0.19056
1606.54677	0.17997
1605.11873	0.17033
1603.69069	0.16112
1602.26265	0.15223
1600.83461	0.14429
1599.40657	0.13780
1597.97852	0.13240
1596.55048	0.12740
1595.12244	0.12244
1593.69440	0.11774
1592.26636	0.11358
1590.83832	0.10991
1589.41027	0.10668
1587.98223	0.10399
1586.55419	0.10192
1585.12615	0.10046
1583.69811	0.09955
1582.27007	0.09920
1580.84202	0.09943
1579.41398	0.10017
1577.98594	0.10141
1576.55790	0.10313
1575.12986	0.10499
1573.70182	0.10666
1572.27378	0.10852
1570.84573	0.11123
1569.41769	0.11489
1567.98965	0.11850
1566.56161	0.12172
1565.13357	0.12512
1563.70553	0.12864
1562.27748	0.13183
1560.84944	0.13514
1559.42140	0.14063
1557.99336	0.14771
1556.56532	0.15170
1555.13728	0.15451
1553.70923	0.15747
1552.28119	0.16060
1550.85315	0.16398
1549.42511	0.16752
1547.99707	0.17092
1546.56903	0.17432
1545.14099	0.17825
1543.71294	0.18297
1542.28490	0.18806
1540.85686	0.19304
1539.42882	0.19702
1538.00078	0.19987
1536.57274	0.20251
1535.14469	0.20557
1533.71665	0.20924
1532.28861	0.21277
1530.86057	0.21563
1529.43253	0.21835
1528.00449	0.22132
1526.57644	0.22427
1525.14840	0.22688
1523.72036	0.22931
1522.29232	0.23139
1520.86428	0.23284
1519.43624	0.23418
1518.00820	0.23570
1516.58015	0.23700
1515.15211	0.23777
1513.72407	0.23797
1512.29603	0.23781
1510.86799	0.23754
1509.43995	0.23664
1508.01190	0.23062
1506.58386	0.21678
1505.15582	0.20809
1503.72778	0.20456
1502.29974	0.20171
1500.87170	0.19800
1499.44365	0.19266
1498.01561	0.18483
1496.58757	0.17557
1495.15953	0.16835
1493.73149	0.16398
1492.30345	0.16063
1490.87541	0.15591
1489.44736	0.14816
1488.01932	0.13992
1486.59128	0.13415
1485.16324	0.13015
1483.73520	0.12678
1482.30716	0.12339
1480.87911	0.12001
1479.45107	0.11720
1478.02303	0.11518
1476.59499	0.11366
1475.16695	0.11228
1473.73891	0.11052
1472.31086	0.10831
1470.88282	0.10679
1469.45478	0.10629
1468.02674	0.10633
1466.59870	0.10658
1465.17066	0.10699
1463.74262	0.10764
1462.31457	0.10865
1460.88653	0.11006
1459.45849	0.11221
1458.03045	0.11598
1456.60241	0.12083
1455.17437	0.12403
1453.74632	0.12618
1452.31828	0.12830
1450.89024	0.13044
1449.46220	0.13235
1448.03416	0.13364
1446.60612	0.13412
1445.17807	0.13397
1443.75003	0.13345
1442.32199	0.13271
1440.89395	0.13188
1439.46591	0.13086
1438.03787	0.12886
1436.60983	0.12499
1435.18178	0.12053
1433.75374	0.11721
1432.32570	0.11457
1430.89766	0.11178
1429.46962	0.10898
1428.04158	0.10693
1426.61353	0.10580
1425.18549	0.10530
1423.75745	0.10521
1422.32941	0.10552
1420.90137	0.10631
1419.47333	0.10765
1418.04528	0.10925
1416.61724	0.11063
1415.18920	0.11183
1413.76116	0.11303
1412.33312	0.11417
1410.90508	0.11502
1409.47704	0.11546
1408.04899	0.11554
1406.62095	0.11526
1405.19291	0.11451
1403.76487	0.11350
1402.33683	0.11266
1400.90879	0.11202
1399.48074	0.11137
1398.05270	0.11069
1396.62466	0.11009
1395.19662	0.10958
1393.76858	0.10926
1392.34054	0.10927
1390.91249	0.10960
1389.48445	0.11005
1388.05641	0.11028
1386.62837	0.11006
1385.20033	0.10955
1383.77229	0.10906
1382.34425	0.10863
1380.91620	0.10823
1379.48816	0.10783
1378.06012	0.10751
1376.63208	0.10721
1375.20404	0.10675
1373.77600	0.10602
1372.34795	0.10525
1370.91991	0.10456
1369.49187	0.10373
1368.06383	0.10257
1366.63579	0.10124
1365.20775	0.09978
1363.77971	0.09786
1362.35166	0.09533
1360.92362	0.09284
1359.49558	0.09098
1358.06754	0.08965
1356.63950	0.08859
1355.21146	0.08770
1353.78341	0.08704
1352.35537	0.08667
1350.92733	0.08661
1349.49929	0.08682
1348.07125	0.08727
1346.64321	0.08795
1345.21516	0.08890
1343.78712	0.09013
1342.35908	0.09167
1340.93104	0.09357
1339.50300	0.09562
1338.07496	0.09724
1336.64692	0.09814
1335.21887	0.09844
1333.79083	0.09826
1332.36279	0.09759
1330.93475	0.09645
1329.50671	0.09493
1328.07867	0.09322
1326.65062	0.09150
1325.22258	0.08993
1323.79454	0.08859
1322.36650	0.08754
1320.93846	0.08678
1319.51042	0.08619
1318.08237	0.08570
1316.65433	0.08533
1315.22629	0.08508
1313.79825	0.08490
1312.37021	0.08473
1310.94217	0.08457
1309.51413	0.08445
1308.08608	0.08437
1306.65804	0.08428
1305.23000	0.08417
1303.80196	0.08406
1302.37392	0.08396
1300.94588	0.08389
1299.51783	0.08387
1298.08979	0.08389
1296.66175	0.08394
1295.23371	0.08404
1293.80567	0.08422
1292.37763	0.08452
1290.94958	0.08494
1289.52154	0.08546
1288.09350	0.08606
1286.66546	0.08672
1285.23742	0.08746
1283.80938	0.08834
1282.38134	0.08939
1280.95329	0.09065
1279.52525	0.09213
1278.09721	0.09383
1276.66917	0.09579
1275.24113	0.09801
1273.81309	0.10044
1272.38504	0.10304
1270.95700	0.10569
1269.52896	0.10824
1268.10092	0.11059
1266.67288	0.11266
1265.24484	0.11438
1263.81679	0.11572
1262.38875	0.11672
1260.96071	0.11746
1259.53267	0.11803
1258.10463	0.11854
1256.67659	0.11912
1255.24855	0.11987
1253.82050	0.12084
1252.39246	0.12206
1250.96442	0.12349
1249.53638	0.12511
1248.10834	0.12692
1246.68030	0.12892
1245.25225	0.13106
1243.82421	0.13326
1242.39617	0.13543
1240.96813	0.13751
1239.54009	0.13947
1238.11205	0.14128
1236.68400	0.14288
1235.25596	0.14421
1233.82792	0.14517
1232.39988	0.14565
1230.97184	0.14557
1229.54380	0.14489
1228.11576	0.14362
1226.68771	0.14183
1225.25967	0.13962
1223.83163	0.13711
1222.40359	0.13439
1220.97555	0.13150
1219.54751	0.12841
1218.11946	0.12512
1216.69142	0.12168
1215.26338	0.11813
1213.83534	0.11446
1212.40730	0.11071
1210.97926	0.10694
1209.55121	0.10328
1208.12317	0.09978
1206.69513	0.09643
1205.26709	0.09325
1203.83905	0.09025
1202.41101	0.08744
1200.98297	0.08485
1199.55492	0.08250
1198.12688	0.08040
1196.69884	0.07857
1195.27080	0.07703
1193.84276	0.07575
1192.41472	0.07471
1190.98667	0.07386
1189.55863	0.07319
1188.13059	0.07268
1186.70255	0.07233
1185.27451	0.07218
1183.84647	0.07227
1182.41842	0.07267
1180.99038	0.07348
1179.56234	0.07475
1178.13430	0.07644
1176.70626	0.07845
1175.27822	0.08058
1173.85018	0.08262
1172.42213	0.08435
1170.99409	0.08566
1169.56605	0.08653
1168.13801	0.08702
1166.70997	0.08720
1165.28193	0.08714
1163.85388	0.08683
1162.42584	0.08628
1160.99780	0.08549
1159.56976	0.08447
1158.14172	0.08323
1156.71368	0.08181
1155.28563	0.08025
1153.85759	0.07857
1152.42955	0.07681
1151.00151	0.07499
1149.57347	0.07317
1148.14543	0.07139
1146.71739	0.06968
1145.28934	0.06811
1143.86130	0.06670
1142.43326	0.06543
1141.00522	0.06427
1139.57718	0.06323
1138.14914	0.06235
1136.72109	0.06158
1135.29305	0.06088
1133.86501	0.06025
1132.43697	0.05970
1131.00893	0.05922
1129.58089	0.05881
1128.15284	0.05845
1126.72480	0.05814
1125.29676	0.05789
1123.86872	0.05770
1122.44068	0.05755
1121.01264	0.05742
1119.58460	0.05731
1118.15655	0.05724
1116.72851	0.05720
1115.30047	0.05720
1113.87243	0.05726
1112.44439	0.05741
1111.01635	0.05769
1109.58830	0.05811
1108.16026	0.05864
1106.73222	0.05917
1105.30418	0.05961
1103.87614	0.05984
1102.44810	0.05983
1101.02006	0.05959
1099.59201	0.05919
1098.16397	0.05876
1096.73593	0.05843
1095.30789	0.05828
1093.87985	0.05837
1092.45181	0.05875
1091.02376	0.05942
1089.59572	0.06037
1088.16768	0.06157
1086.73964	0.06300
1085.31160	0.06462
1083.88356	0.06636
1082.45551	0.06818
1081.02747	0.07007
1079.59943	0.07200
1078.17139	0.07390
1076.74335	0.07572
1075.31531	0.07738
1073.88727	0.07884
1072.45922	0.08005
1071.03118	0.08100
1069.60314	0.08168
1068.17510	0.08213
1066.74706	0.08243
1065.31902	0.08272
1063.89097	0.08310
1062.46293	0.08364
1061.03489	0.08425
1059.60685	0.08477
1058.17881	0.08500
1056.75077	0.08475
1055.32272	0.08400
1053.89468	0.08288
1052.46664	0.08159
1051.03860	0.08029
1049.61056	0.07906
1048.18252	0.07792
1046.75448	0.07686
1045.32643	0.07584
1043.89839	0.07484
1042.47035	0.07388
1041.04231	0.07295
1039.61427	0.07203
1038.18623	0.07109
1036.75818	0.07015
1035.33014	0.06924
1033.90210	0.06837
1032.47406	0.06752
1031.04602	0.06666
1029.61798	0.06579
1028.18993	0.06494
1026.76189	0.06416
1025.33385	0.06355
1023.90581	0.06329
1022.47777	0.06351
1021.04973	0.06427
1019.62169	0.06546
1018.19364	0.06674
1016.76560	0.06774
1015.33756	0.06819
1013.90952	0.06805
1012.48148	0.06746
1011.05344	0.06668
1009.62539	0.06592
1008.19735	0.06535
1006.76931	0.06505
1005.34127	0.06507
1003.91323	0.06531
1002.48519	0.06563
1001.05714	0.06583
999.62910	0.06581
998.20106	0.06552
996.77302	0.06491
995.34498	0.06393
993.91694	0.06255
992.48890	0.06085
991.06085	0.05901
989.63281	0.05726
988.20477	0.05581
986.77673	0.05479
985.34869	0.05429
983.92065	0.05432
982.49260	0.05483
981.06456	0.05567
979.63652	0.05664
978.20848	0.05751
976.78044	0.05809
975.35240	0.05829
973.92435	0.05805
972.49631	0.05742
971.06827	0.05653
969.64023	0.05553
968.21219	0.05454
966.78415	0.05366
965.35611	0.05295
963.92806	0.05242
962.50002	0.05200
961.07198	0.05163
959.64394	0.05127
958.21590	0.05096
956.78786	0.05071
955.35981	0.05048
953.93177	0.05024
952.50373	0.04999
951.07569	0.04976
949.64765	0.04954
948.21961	0.04934
946.79156	0.04917
945.36352	0.04901
943.93548	0.04885
942.50744	0.04867
941.07940	0.04850
939.65136	0.04837
938.22332	0.04827
936.79527	0.04819
935.36723	0.04818
933.93919	0.04825
932.51115	0.04838
931.08311	0.04850
929.65507	0.04851
928.22702	0.04837
926.79898	0.04810
925.37094	0.04772
923.94290	0.04719
922.51486	0.04647
921.08682	0.04562
919.65877	0.04477
918.23073	0.04403
916.80269	0.04337
915.37465	0.04274
913.94661	0.04215
912.51857	0.04165
911.09053	0.04124
909.66248	0.04090
908.23444	0.04061
906.80640	0.04039
905.37836	0.04026
903.95032	0.04019
902.52228	0.04015
901.09423	0.04013
899.66619	0.04011
898.23815	0.04009
896.81011	0.04007
895.38207	0.04002
893.95403	0.03994
892.52598	0.03988
891.09794	0.03990
889.66990	0.03998
888.24186	0.04008
886.81382	0.04018
885.38578	0.04029
883.95774	0.04040
882.52969	0.04049
881.10165	0.04055
879.67361	0.04063
878.24557	0.04073
876.81753	0.04085
875.38949	0.04097
873.96144	0.04110
872.53340	0.04124
871.10536	0.04143
869.67732	0.04171
868.24928	0.04210
866.82124	0.04257
865.39320	0.04311
863.96515	0.04375
862.53711	0.04449
861.10907	0.04534
859.68103	0.04630
858.25299	0.04733
856.82495	0.04841
855.39690	0.04945
853.96886	0.05036
852.54082	0.05104
851.11278	0.05142
849.68474	0.05148
848.25670	0.05132
846.82865	0.05111
845.40061	0.05105
843.97257	0.05120
842.54453	0.05155
841.11649	0.05209
839.68845	0.05278
838.26041	0.05360
836.83236	0.05449
835.40432	0.05539
833.97628	0.05625
832.54824	0.05706
831.12020	0.05780
829.69216	0.05841
828.26411	0.05881
826.83607	0.05897
825.40803	0.05897
823.97999	0.05890
822.55195	0.05884
821.12391	0.05881
819.69586	0.05884
818.26782	0.05896
816.83978	0.05919
815.41174	0.05953
813.98370	0.05996
812.55566	0.06040
811.12762	0.06081
809.69957	0.06120
808.27153	0.06158
806.84349	0.06199
805.41545	0.06241
803.98741	0.06279
802.55937	0.06313
801.13132	0.06343
799.70328	0.06371
798.27524	0.06400
796.84720	0.06434
795.41916	0.06475
793.99112	0.06524
792.56307	0.06583
791.13503	0.06653
789.70699	0.06730
788.27895	0.06813
786.85091	0.06897
785.42287	0.06983
783.99483	0.07072
782.56678	0.07162
781.13874	0.07252
779.71070	0.07345
778.28266	0.07443
776.85462	0.07549
775.42658	0.07658
773.99853	0.07766
772.57049	0.07872
771.14245	0.07978
769.71441	0.08086
768.28637	0.08191
766.85833	0.08286
765.43028	0.08370
764.00224	0.08444
762.57420	0.08514
761.14616	0.08584
759.71812	0.08657
758.29008	0.08737
756.86204	0.08829
755.43399	0.08931
754.00595	0.09039
752.57791	0.09148
751.14987	0.09261
749.72183	0.09378
748.29379	0.09504
746.86574	0.09635
745.43770	0.09772
744.00966	0.09917
742.58162	0.10071
741.15358	0.10231
739.72554	0.10389
738.29749	0.10545
736.86945	0.10702
735.44141	0.10865
734.01337	0.11034
732.58533	0.11207
731.15729	0.11378
729.72925	0.11544
728.30120	0.11704
726.87316	0.11860
725.44512	0.12015
724.01708	0.12166
722.58904	0.12312
721.16100	0.12453
719.73295	0.12585
718.30491	0.12706
716.87687	0.12822
715.44883	0.12939
714.02079	0.13062
712.59275	0.13194
711.16470	0.13333
709.73666	0.13475
708.30862	0.13619
706.88058	0.13769
705.45254	0.13927
704.02450	0.14092
702.59646	0.14252
701.16841	0.14402
699.74037	0.14541
698.31233	0.14670
696.88429	0.14785
695.45625	0.14883
694.02821	0.14969
692.60016	0.15055
691.17212	0.15148
689.74408	0.15243
688.31604	0.15330
686.88800	0.15405
685.45996	0.15473
684.03191	0.15536
682.60387	0.15592
681.17583	0.15641
679.74779	0.15686
678.31975	0.15728
676.89171	0.15767
675.46367	0.15804
674.03562	0.15837
672.60758	0.15872
671.17954	0.15909
669.75150	0.15947
668.32346	0.15975
666.89542	0.15998
665.46737	0.16035
664.03933	0.16086
662.61129	0.16145
661.18325	0.16204
659.75521	0.16260
658.32717	0.16321
656.89912	0.16396
655.47108	0.16482
654.04304	0.16568
652.61500	0.16646
651.18696	0.16717
649.75892	0.16782
648.33088	0.16840
646.90283	0.16890
645.47479	0.16937
644.04675	0.16986
642.61871	0.17036
641.19067	0.17085
639.76263	0.17128
638.33458	0.17164
636.90654	0.17198
635.47850	0.17232
634.05046	0.17261
632.62242	0.17283
631.19438	0.17306
629.76633	0.17335
628.33829	0.17368
626.91025	0.17394
625.48221	0.17409
624.05417	0.17417
622.62613	0.17428
621.19809	0.17448
619.77004	0.17477
618.34200	0.17513
616.91396	0.17555
615.48592	0.17604
614.05788	0.17659
612.62984	0.17715
611.20179	0.17753
609.77375	0.17763
608.34571	0.17746
606.91767	0.17716
605.48963	0.17678
604.06159	0.17630
602.63355	0.17569
601.20550	0.17497
599.77746	0.17418
598.34942	0.17345
596.92138	0.17289
595.49334	0.17252
594.06530	0.17227
592.63725	0.17204
591.20921	0.17179
589.78117	0.17155
588.35313	0.17143
586.92509	0.17144
585.49705	0.17160
584.06900	0.17183
582.64096	0.17210
581.21292	0.17239
579.78488	0.17271
578.35684	0.17311
576.92880	0.17364
575.50076	0.17425
574.07271	0.17484
572.64467	0.17539
571.21663	0.17601
569.78859	0.17677
568.36055	0.17768
566.93251	0.17877
565.50446	0.18013
564.07642	0.18184
562.64838	0.18387
561.22034	0.18608
559.79230	0.18841
558.36426	0.19085
556.93621	0.19344
555.50817	0.19618
554.08013	0.19886
552.65209	0.20117
551.22405	0.20296
549.79601	0.20431
548.36797	0.20532
546.93992	0.20597
545.51188	0.20622
544.08384	0.20613
542.65580	0.20578
541.22776	0.20523
539.79972	0.20454
538.37167	0.20374
536.94363	0.20285
535.51559	0.20191
534.08755	0.20102
532.65951	0.20025
531.23147	0.19958
529.80342	0.19893
528.37538	0.19821
526.94734	0.19737
525.51930	0.19648
524.09126	0.19575
522.66322	0.19523
521.23518	0.19490
519.80713	0.19467
518.37909	0.19443
516.95105	0.19407
515.52301	0.19364
514.09497	0.19325
512.66693	0.19292
511.23888	0.19268
509.81084	0.19252
508.38280	0.19240
506.95476	0.19223
505.52672	0.19200
504.09868	0.19177
502.67063	0.19149
501.24259	0.19101
499.81455	0.19041
498.38651	0.18999
496.95847	0.18989
495.53043	0.19002
494.10239	0.19019
492.67434	0.19026
491.24630	0.19014
489.81826	0.19002
488.39022	0.19007
486.96218	0.19006
485.53414	0.18967
484.10609	0.18890
482.67805	0.18805
481.25001	0.18732
479.82197	0.18672
478.39393	0.18615
476.96589	0.18553
475.53784	0.18488
474.10980	0.18433
472.68176	0.18396
471.25372	0.18369
469.82568	0.18332
468.39764	0.18279
466.96960	0.18221
465.54155	0.18159
464.11351	0.18080
462.68547	0.17990
461.25743	0.17931
459.82939	0.17926
458.40135	0.17948
456.97330	0.17959
455.54526	0.17950
454.11722	0.17925
452.68918	0.17884
451.26114	0.17834
449.83310	0.17796
448.40505	0.17784
446.97701	0.17797
445.54897	0.17818
444.12093	0.17833
442.69289	0.17826
441.26485	0.17794
439.83681	0.17754
438.40876	0.17727
436.98072	0.17719
435.55268	0.17740
434.12464	0.17814
432.69660	0.17950
431.26856	0.18126
429.84051	0.18300
428.41247	0.18441
426.98443	0.18538
425.55639	0.18607
424.12835	0.18663
422.70031	0.18709
421.27226	0.18747
419.84422	0.18775
418.41618	0.18742
416.98814	0.18642
415.56010	0.18538
414.13206	0.18447
412.70402	0.18373
411.27597	0.18328
409.84793	0.18309
408.41989	0.18285
406.99185	0.18233
405.56381	0.18151
404.13577	0.18055
402.70772	0.17966
401.27968	0.17886
399.85164	0.17787
