3998.51641	0.00233
3997.08837	0.00238
3995.66033	0.00244
3994.23229	0.00249
3992.80425	0.00251
3991.37620	0.00251
3989.94816	0.00247
3988.52012	0.00241
3987.09208	0.00238
3985.66404	0.00240
3984.23600	0.00242
3982.80796	0.00243
3981.37991	0.00239
3979.95187	0.00236
3978.52383	0.00239
3977.09579	0.00249
3975.66775	0.00259
3974.23971	0.00261
3972.81166	0.00254
3971.38362	0.00245
3969.95558	0.00240
3968.52754	0.00237
3967.09950	0.00236
3965.67146	0.00236
3964.24341	0.00237
3962.81537	0.00237
3961.38733	0.00233
3959.95929	0.00230
3958.53125	0.00230
3957.10321	0.00232
3955.67517	0.00231
3954.24712	0.00227
3952.81908	0.00224
3951.39104	0.00229
3949.96300	0.00238
3948.53496	0.00242
3947.10692	0.00240
3945.67887	0.00238
3944.25083	0.00240
3942.82279	0.00239
3941.39475	0.00231
3939.96671	0.00219
3938.53867	0.00209
3937.11062	0.00208
3935.68258	0.00220
3934.25454	0.00240
3932.82650	0.00259
3931.39846	0.00262
3929.97042	0.00250
3928.54238	0.00238
3927.11433	0.00239
3925.68629	0.00249
3924.25825	0.00254
3922.83021	0.00248
3921.40217	0.00242
3919.97413	0.00241
3918.54608	0.00241
3917.11804	0.00228
3915.69000	0.00205
3914.26196	0.00183
3912.83392	0.00171
3911.40588	0.00168
3909.97783	0.00175
3908.54979	0.00190
3907.12175	0.00219
3905.69371	0.00260
3904.26567	0.00300
3902.83763	0.00316
3901.40959	0.00303
3899.98154	0.00273
3898.55350	0.00240
3897.12546	0.00217
3895.69742	0.00214
3894.26938	0.00227
3892.84134	0.00239
3891.41329	0.00232
3889.98525	0.00215
3888.55721	0.00212
3887.12917	0.00229
3885.70113	0.00253
3884.27309	0.00268
3882.84504	0.00269
3881.41700	0.00255
3879.98896	0.00227
3878.56092	0.00203
3877.13288	0.00201
3875.70484	0.00218
3874.27680	0.00245
3872.84875	0.00270
3871.42071	0.00288
3869.99267	0.00285
3868.56463	0.00265
3867.13659	0.00254
3865.70855	0.00256
3864.28050	0.00255
3862.85246	0.00233
3861.42442	0.00206
3859.99638	0.00195
3858.56834	0.00206
3857.14030	0.00235
3855.71226	0.00277
3854.28421	0.00315
3852.85617	0.00301
3851.42813	0.00248
3850.00009	0.00205
3848.57205	0.00183
3847.14401	0.00179
3845.71596	0.00190
3844.28792	0.00210
3842.85988	0.00235
3841.43184	0.00267
3840.00380	0.00300
3838.57576	0.00309
3837.14771	0.00282
3835.71967	0.00244
3834.29163	0.00216
3832.86359	0.00196
3831.43555	0.00186
3830.00751	0.00184
3828.57947	0.00191
3827.15142	0.00202
3825.72338	0.00217
3824.29534	0.00239
3822.86730	0.00272
3821.43926	0.00301
3820.01122	0.00295
3818.58317	0.00268
3817.15513	0.00240
3815.72709	0.00207
3814.29905	0.00173
3812.87101	0.00152
3811.44297	0.00150
3810.01492	0.00167
3808.58688	0.00198
3807.15884	0.00224
3805.73080	0.00231
3804.30276	0.00236
3802.87472	0.00256
3801.44668	0.00273
3800.01863	0.00263
3798.59059	0.00237
3797.16255	0.00207
3795.73451	0.00175
3794.30647	0.00149
3792.87843	0.00133
3791.45038	0.00125
3790.02234	0.00128
3788.59430	0.00141
3787.16626	0.00160
3785.73822	0.00173
3784.31018	0.00172
3782.88213	0.00167
3781.45409	0.00165
3780.02605	0.00165
3778.59801	0.00154
3777.16997	0.00139
3775.74193	0.00131
3774.31389	0.00137
3772.88584	0.00155
3771.45780	0.00179
3770.02976	0.00194
3768.60172	0.00194
3767.17368	0.00189
3765.74564	0.00183
3764.31759	0.00178
3762.88955	0.00181
3761.46151	0.00197
3760.03347	0.00223
3758.60543	0.00242
3757.17739	0.00246
3755.74934	0.00250
3754.32130	0.00271
3752.89326	0.00317
3751.46522	0.00373
3750.03718	0.00390
3748.60914	0.00374
3747.18110	0.00361
3745.75305	0.00349
3744.32501	0.00329
3742.89697	0.00313
3741.46893	0.00311
3740.04089	0.00321
3738.61285	0.00346
3737.18480	0.00392
3735.75676	0.00443
3734.32872	0.00440
3732.90068	0.00377
3731.47264	0.00312
3730.04460	0.00275
3728.61655	0.00266
3727.18851	0.00279
3725.76047	0.00297
3724.33243	0.00304
3722.90439	0.00293
3721.47635	0.00271
3720.04831	0.00248
3718.62026	0.00232
3717.19222	0.00228
3715.76418	0.00241
3714.33614	0.00274
3712.90810	0.00326
3711.48006	0.00366
3710.05201	0.00349
3708.62397	0.00308
3707.19593	0.00282
3705.76789	0.00277
3704.33985	0.00287
3702.91181	0.00300
3701.48376	0.00304
3700.05572	0.00298
3698.62768	0.00296
3697.19964	0.00306
3695.77160	0.00327
3694.34356	0.00355
3692.91552	0.00393
3691.48747	0.00445
3690.05943	0.00493
3688.63139	0.00492
3687.20335	0.00457
3685.77531	0.00430
3684.34727	0.00420
3682.91922	0.00429
3681.49118	0.00456
3680.06314	0.00497
3678.63510	0.00547
3677.20706	0.00600
3675.77902	0.00638
3674.35097	0.00650
3672.92293	0.00664
3671.49489	0.00697
3670.06685	0.00724
3668.63881	0.00713
3667.21077	0.00691
3665.78273	0.00688
3664.35468	0.00705
3662.92664	0.00734
3661.49860	0.00766
3660.07056	0.00800
3658.64252	0.00841
3657.21448	0.00892
3655.78643	0.00942
3654.35839	0.00982
3652.93035	0.01025
3651.50231	0.01099
3650.07427	0.01223
3648.64623	0.01317
3647.21818	0.01309
3645.79014	0.01280
3644.36210	0.01274
3642.93406	0.01290
3641.50602	0.01321
3640.07798	0.01359
3638.64994	0.01403
3637.22189	0.01452
3635.79385	0.01507
3634.36581	0.01564
3632.93777	0.01619
3631.50973	0.01679
3630.08169	0.01765
3628.65364	0.01862
3627.22560	0.01903
3625.79756	0.01907
3624.36952	0.01918
3622.94148	0.01952
3621.51344	0.02016
3620.08539	0.02107
3618.65735	0.02189
3617.22931	0.02236
3615.80127	0.02270
3614.37323	0.02314
3612.94519	0.02360
3611.51715	0.02402
3610.08910	0.02449
3608.66106	0.02503
3607.23302	0.02549
3605.80498	0.02577
3604.37694	0.02606
3602.94890	0.02654
3601.52085	0.02719
3600.09281	0.02779
3598.66477	0.02826
3597.23673	0.02874
3595.80869	0.02933
3594.38065	0.02991
3592.95261	0.03035
3591.52456	0.03071
3590.09652	0.03126
3588.66848	0.03218
3587.24044	0.03320
3585.81240	0.03375
3584.38436	0.03397
3582.95631	0.03421
3581.52827	0.03464
3580.10023	0.03522
3578.67219	0.03586
3577.24415	0.03649
3575.81611	0.03711
3574.38806	0.03771
3572.96002	0.03828
3571.53198	0.03888
3570.10394	0.03961
3568.67590	0.04067
3567.24786	0.04198
3565.81982	0.04290
3564.39177	0.04321
3562.96373	0.04339
3561.53569	0.04372
3560.10765	0.04422
3558.67961	0.04476
3557.25157	0.04528
3555.82352	0.04585
3554.39548	0.04656
3552.96744	0.04741
3551.53940	0.04821
3550.11136	0.04885
3548.68332	0.04945
3547.25527	0.05019
3545.82723	0.05102
3544.39919	0.05171
3542.97115	0.05216
3541.54311	0.05252
3540.11507	0.05296
3538.68703	0.05353
3537.25898	0.05420
3535.83094	0.05489
3534.40290	0.05552
3532.97486	0.05612
3531.54682	0.05677
3530.11878	0.05753
3528.69073	0.05832
3527.26269	0.05902
3525.83465	0.05959
3524.40661	0.06011
3522.97857	0.06061
3521.55053	0.06103
3520.12248	0.06141
3518.69444	0.06183
3517.26640	0.06231
3515.83836	0.06279
3514.41032	0.06323
3512.98228	0.06371
3511.55424	0.06428
3510.12619	0.06492
3508.69815	0.06551
3507.27011	0.06595
3505.84207	0.06634
3504.41403	0.06684
3502.98599	0.06738
3501.55794	0.06777
3500.12990	0.06799
3498.70186	0.06819
3497.27382	0.06848
3495.84578	0.06888
3494.41774	0.06929
3492.98969	0.06968
3491.56165	0.07005
3490.13361	0.07045
3488.70557	0.07088
3487.27753	0.07132
3485.84949	0.07175
3484.42145	0.07216
3482.99340	0.07257
3481.56536	0.07295
3480.13732	0.07324
3478.70928	0.07346
3477.28124	0.07371
3475.85320	0.07406
3474.42515	0.07445
3472.99711	0.07478
3471.56907	0.07504
3470.14103	0.07528
3468.71299	0.07558
3467.28495	0.07591
3465.85690	0.07627
3464.42886	0.07663
3463.00082	0.07701
3461.57278	0.07739
3460.14474	0.07775
3458.71670	0.07810
3457.28866	0.07845
3455.86061	0.07878
3454.43257	0.07906
3453.00453	0.07931
3451.57649	0.07957
3450.14845	0.07992
3448.72041	0.08038
3447.29236	0.08090
3445.86432	0.08134
3444.43628	0.08166
3443.00824	0.08196
3441.58020	0.08228
3440.15216	0.08257
3438.72411	0.08285
3437.29607	0.08317
3435.86803	0.08356
3434.43999	0.08400
3433.01195	0.08449
3431.58391	0.08499
3430.15587	0.08552
3428.72782	0.08606
3427.29978	0.08661
3425.87174	0.08716
3424.44370	0.08775
3423.01566	0.08840
3421.58762	0.08907
3420.15957	0.08970
3418.73153	0.09026
3417.30349	0.09074
3415.87545	0.09121
3414.44741	0.09170
3413.01937	0.09223
3411.59132	0.09280
3410.16328	0.09341
3408.73524	0.09405
3407.30720	0.09468
3405.87916	0.09529
3404.45112	0.09586
3403.02308	0.09644
3401.59503	0.09702
3400.16699	0.09761
3398.73895	0.09824
3397.31091	0.09891
3395.88287	0.09957
3394.45483	0.10021
3393.02678	0.10087
3391.59874	0.10152
3390.17070	0.10214
3388.74266	0.10273
3387.31462	0.10334
3385.88658	0.10398
3384.45853	0.10466
3383.03049	0.10535
3381.60245	0.10605
3380.17441	0.10677
3378.74637	0.10752
3377.31833	0.10830
3375.89029	0.10909
3374.46224	0.10991
3373.03420	0.11079
3371.60616	0.11174
3370.17812	0.11273
3368.75008	0.11372
3367.32204	0.11470
3365.89399	0.11564
3364.46595	0.11656
3363.03791	0.11753
3361.60987	0.11857
3360.18183	0.11964
3358.75379	0.12075
3357.32575	0.12194
3355.89770	0.12323
3354.46966	0.12460
3353.04162	0.12601
3351.61358	0.12743
3350.18554	0.12883
3348.75750	0.13022
3347.32945	0.13168
3345.90141	0.13329
3344.47337	0.13504
3343.04533	0.13688
3341.61729	0.13876
3340.18925	0.14065
3338.76120	0.14254
3337.33316	0.14443
3335.90512	0.14634
3334.47708	0.14831
3333.04904	0.15039
3331.62100	0.15261
3330.19296	0.15502
3328.76491	0.15761
3327.33687	0.16031
3325.90883	0.16304
3324.48079	0.16573
3323.05275	0.16840
3321.62471	0.17112
3320.19666	0.17396
3318.76862	0.17697
3317.34058	0.18013
3315.91254	0.18340
3314.48450	0.18675
3313.05646	0.19020
3311.62841	0.19379
3310.20037	0.19754
3308.77233	0.20140
3307.34429	0.20521
3305.91625	0.20891
3304.48821	0.21260
3303.06017	0.21637
3301.63212	0.22027
3300.20408	0.22433
3298.77604	0.22863
3297.34800	0.23309
3295.91996	0.23754
3294.49192	0.24188
3293.06387	0.24613
3291.63583	0.25024
3290.20779	0.25411
3288.77975	0.25770
3287.35171	0.26106
3285.92367	0.26422
3284.49562	0.26711
3283.06758	0.26968
3281.63954	0.27183
3280.21150	0.27347
3278.78346	0.27456
3277.35542	0.27512
3275.92738	0.27513
3274.49933	0.27458
3273.07129	0.27343
3271.64325	0.27161
3270.21521	0.26911
3268.78717	0.26601
3267.35913	0.26247
3265.93108	0.25864
3264.50304	0.25464
3263.07500	0.25053
3261.64696	0.24637
3260.21892	0.24229
3258.79088	0.23840
3257.36283	0.23465
3255.93479	0.23083
3254.50675	0.22684
3253.07871	0.22279
3251.65067	0.21896
3250.22263	0.21550
3248.79459	0.21233
3247.36654	0.20921
3245.93850	0.20596
3244.51046	0.20261
3243.08242	0.19934
3241.65438	0.19625
3240.22634	0.19339
3238.79829	0.19078
3237.37025	0.18843
3235.94221	0.18629
3234.51417	0.18415
3233.08613	0.18182
3231.65809	0.17925
3230.23004	0.17661
3228.80200	0.17410
3227.37396	0.17178
3225.94592	0.16958
3224.51788	0.16747
3223.08984	0.16546
3221.66180	0.16359
3220.23375	0.16178
3218.80571	0.15995
3217.37767	0.15806
3215.94963	0.15618
3214.52159	0.15432
3213.09355	0.15242
3211.66550	0.15050
3210.23746	0.14862
3208.80942	0.14684
3207.38138	0.14511
3205.95334	0.14337
3204.52530	0.14161
3203.09725	0.13985
3201.66921	0.13808
3200.24117	0.13629
3198.81313	0.13450
3197.38509	0.13277
3195.95705	0.13112
3194.52901	0.12952
3193.10096	0.12791
3191.67292	0.12628
3190.24488	0.12464
3188.81684	0.12298
3187.38880	0.12133
3185.96076	0.11971
3184.53271	0.11812
3183.10467	0.11655
3181.67663	0.11501
3180.24859	0.11350
3178.82055	0.11201
3177.39251	0.11050
3175.96446	0.10899
3174.53642	0.10753
3173.10838	0.10613
3171.68034	0.10480
3170.25230	0.10349
3168.82426	0.10220
3167.39622	0.10094
3165.96817	0.09971
3164.54013	0.09847
3163.11209	0.09724
3161.68405	0.09603
3160.25601	0.09489
3158.82797	0.09387
3157.39992	0.09296
3155.97188	0.09209
3154.54384	0.09123
3153.11580	0.09031
3151.68776	0.08932
3150.25972	0.08826
3148.83167	0.08720
3147.40363	0.08622
3145.97559	0.08535
3144.54755	0.08462
3143.11951	0.08404
3141.69147	0.08363
3140.26343	0.08327
3138.83538	0.08279
3137.40734	0.08214
3135.97930	0.08143
3134.55126	0.08083
3133.12322	0.08046
3131.69518	0.08025
3130.26713	0.08007
3128.83909	0.07981
3127.41105	0.07953
3125.98301	0.07935
3124.55497	0.07939
3123.12693	0.07960
3121.69888	0.07989
3120.27084	0.08013
3118.84280	0.08030
3117.41476	0.08043
3115.98672	0.08054
3114.55868	0.08064
3113.13064	0.08080
3111.70259	0.08108
3110.27455	0.08145
3108.84651	0.08178
3107.41847	0.08201
3105.99043	0.08219
3104.56239	0.08250
3103.13434	0.08307
3101.70630	0.08383
3100.27826	0.08455
3098.85022	0.08503
3097.42218	0.08536
3095.99414	0.08577
3094.56610	0.08642
3093.13805	0.08727
3091.71001	0.08814
3090.28197	0.08892
3088.85393	0.08959
3087.42589	0.09019
3085.99785	0.09078
3084.56980	0.09131
3083.14176	0.09176
3081.71372	0.09215
3080.28568	0.09247
3078.85764	0.09265
3077.42960	0.09259
3076.00155	0.09229
3074.57351	0.09188
3073.14547	0.09153
3071.71743	0.09136
3070.28939	0.09132
3068.86135	0.09126
3067.43331	0.09099
3066.00526	0.09037
3064.57722	0.08942
3063.14918	0.08827
3061.72114	0.08710
3060.29310	0.08607
3058.86506	0.08526
3057.43701	0.08451
3056.00897	0.08365
3054.58093	0.08264
3053.15289	0.08158
3051.72485	0.08049
3050.29681	0.07933
3048.86876	0.07813
3047.44072	0.07702
3046.01268	0.07604
3044.58464	0.07507
3043.15660	0.07398
3041.72856	0.07272
3040.30052	0.07131
3038.87247	0.06996
3037.44443	0.06885
3036.01639	0.06803
3034.58835	0.06729
3033.16031	0.06642
3031.73227	0.06536
3030.30422	0.06420
3028.87618	0.06312
3027.44814	0.06225
3026.02010	0.06161
3024.59206	0.06103
3023.16402	0.06040
3021.73597	0.05980
3020.30793	0.05931
3018.87989	0.05893
3017.45185	0.05858
3016.02381	0.05823
3014.59577	0.05787
3013.16773	0.05746
3011.73968	0.05693
3010.31164	0.05628
3008.88360	0.05563
3007.45556	0.05519
3006.02752	0.05505
3004.59948	0.05518
3003.17143	0.05547
3001.74339	0.05587
3000.31535	0.05643
2998.88731	0.05713
2997.45927	0.05788
2996.03123	0.05865
2994.60318	0.05948
2993.17514	0.06032
2991.74710	0.06101
2990.31906	0.06155
2988.89102	0.06206
2987.46298	0.06269
2986.03494	0.06344
2984.60689	0.06427
2983.17885	0.06508
2981.75081	0.06571
2980.32277	0.06601
2978.89473	0.06597
2977.46669	0.06572
2976.03864	0.06541
2974.61060	0.06506
2973.18256	0.06463
2971.75452	0.06415
2970.32648	0.06369
2968.89844	0.06326
2967.47039	0.06283
2966.04235	0.06233
2964.61431	0.06177
2963.18627	0.06113
2961.75823	0.06042
2960.33019	0.05972
2958.90215	0.05916
2957.47410	0.05882
2956.04606	0.05873
2954.61802	0.05887
2953.18998	0.05915
2951.76194	0.05951
2950.33390	0.06000
2948.90585	0.06069
2947.47781	0.06160
2946.04977	0.06259
2944.62173	0.06354
2943.19369	0.06440
2941.76565	0.06521
2940.33760	0.06597
2938.90956	0.06664
2937.48152	0.06717
2936.05348	0.06749
2934.62544	0.06764
2933.19740	0.06764
2931.76936	0.06744
2930.34131	0.06692
2928.91327	0.06602
2927.48523	0.06479
2926.05719	0.06338
2924.62915	0.06195
2923.20111	0.06059
2921.77306	0.05937
2920.34502	0.05833
2918.91698	0.05742
2917.48894	0.05655
2916.06090	0.05565
2914.63286	0.05470
2913.20481	0.05370
2911.77677	0.05265
2910.34873	0.05159
2908.92069	0.05059
2907.49265	0.04974
2906.06461	0.04908
2904.63657	0.04851
2903.20852	0.04793
2901.78048	0.04739
2900.35244	0.04696
2898.92440	0.04671
2897.49636	0.04653
2896.06832	0.04631
2894.64027	0.04596
2893.21223	0.04557
2891.78419	0.04525
2890.35615	0.04505
2888.92811	0.04499
2887.50007	0.04503
2886.07202	0.04516
2884.64398	0.04532
2883.21594	0.04550
2881.78790	0.04568
2880.35986	0.04586
2878.93182	0.04603
2877.50378	0.04621
2876.07573	0.04637
2874.64769	0.04634
2873.21965	0.04597
2871.79161	0.04522
2870.36357	0.04426
2868.93553	0.04330
2867.50748	0.04241
2866.07944	0.04157
2864.65140	0.04080
2863.22336	0.04019
2861.79532	0.03971
2860.36728	0.03926
2858.93924	0.03872
2857.51119	0.03811
2856.08315	0.03751
2854.65511	0.03697
2853.22707	0.03649
2851.79903	0.03612
2850.37099	0.03587
2848.94294	0.03563
2847.51490	0.03529
2846.08686	0.03486
2844.65882	0.03445
2843.23078	0.03421
2841.80274	0.03415
2840.37469	0.03415
2838.94665	0.03410
2837.51861	0.03394
2836.09057	0.03372
2834.66253	0.03350
2833.23449	0.03329
2831.80645	0.03308
2830.37840	0.03287
2828.95036	0.03268
2827.52232	0.03255
2826.09428	0.03251
2824.66624	0.03256
2823.23820	0.03259
2821.81015	0.03256
2820.38211	0.03246
2818.95407	0.03232
2817.52603	0.03219
2816.09799	0.03207
2814.66995	0.03200
2813.24190	0.03198
2811.81386	0.03200
2810.38582	0.03195
2808.95778	0.03177
2807.52974	0.03149
2806.10170	0.03124
2804.67366	0.03105
2803.24561	0.03095
2801.81757	0.03091
2800.38953	0.03090
2798.96149	0.03085
2797.53345	0.03069
2796.10541	0.03045
2794.67736	0.03020
2793.24932	0.03002
2791.82128	0.02990
2790.39324	0.02976
2788.96520	0.02951
2787.53716	0.02914
2786.10911	0.02873
2784.68107	0.02837
2783.25303	0.02811
2781.82499	0.02789
2780.39695	0.02768
2778.96891	0.02750
2777.54087	0.02737
2776.11282	0.02726
2774.68478	0.02708
2773.25674	0.02677
2771.82870	0.02639
2770.40066	0.02601
2768.97262	0.02570
2767.54457	0.02544
2766.11653	0.02522
2764.68849	0.02499
2763.26045	0.02476
2761.83241	0.02455
2760.40437	0.02438
2758.97632	0.02422
2757.54828	0.02403
2756.12024	0.02380
2754.69220	0.02356
2753.26416	0.02340
2751.83612	0.02332
2750.40808	0.02325
2748.98003	0.02310
2747.55199	0.02283
2746.12395	0.02248
2744.69591	0.02213
2743.26787	0.02185
2741.83983	0.02164
2740.41178	0.02150
2738.98374	0.02139
2737.55570	0.02126
2736.12766	0.02107
2734.69962	0.02083
2733.27158	0.02058
2731.84353	0.02038
2730.41549	0.02028
2728.98745	0.02027
2727.55941	0.02029
2726.13137	0.02025
2724.70333	0.02010
2723.27529	0.01988
2721.84724	0.01964
2720.41920	0.01941
2718.99116	0.01922
2717.56312	0.01907
2716.13508	0.01892
2714.70704	0.01874
2713.27899	0.01859
2711.85095	0.01848
2710.42291	0.01840
2708.99487	0.01830
2707.56683	0.01818
2706.13879	0.01806
2704.71074	0.01796
2703.28270	0.01787
2701.85466	0.01779
2700.42662	0.01771
2698.99858	0.01765
2697.57054	0.01756
2696.14250	0.01745
2694.71445	0.01733
2693.28641	0.01722
2691.85837	0.01714
2690.43033	0.01707
2689.00229	0.01700
2687.57425	0.01690
2686.14620	0.01678
2684.71816	0.01671
2683.29012	0.01672
2681.86208	0.01679
2680.43404	0.01684
2679.00600	0.01677
2677.57795	0.01659
2676.14991	0.01638
2674.72187	0.01620
2673.29383	0.01605
2671.86579	0.01590
2670.43775	0.01575
2669.00971	0.01561
2667.58166	0.01550
2666.15362	0.01543
2664.72558	0.01536
2663.29754	0.01529
2661.86950	0.01522
2660.44146	0.01516
2659.01341	0.01508
2657.58537	0.01498
2656.15733	0.01488
2654.72929	0.01479
2653.30125	0.01470
2651.87321	0.01460
2650.44516	0.01449
2649.01712	0.01439
2647.58908	0.01432
2646.16104	0.01425
2644.73300	0.01419
2643.30496	0.01414
2641.87692	0.01413
2640.44887	0.01416
2639.02083	0.01416
2637.59279	0.01412
2636.16475	0.01404
2634.73671	0.01396
2633.30867	0.01388
2631.88062	0.01379
2630.45258	0.01369
2629.02454	0.01364
2627.59650	0.01364
2626.16846	0.01363
2624.74042	0.01360
2623.31237	0.01352
2621.88433	0.01341
2620.45629	0.01330
2619.02825	0.01322
2617.60021	0.01316
2616.17217	0.01307
2614.74413	0.01294
2613.31608	0.01280
2611.88804	0.01269
2610.46000	0.01261
2609.03196	0.01252
2607.60392	0.01243
2606.17588	0.01233
2604.74783	0.01223
2603.31979	0.01213
2601.89175	0.01201
2600.46371	0.01183
2599.03567	0.01163
2597.60763	0.01144
2596.17959	0.01129
2594.75154	0.01117
2593.32350	0.01108
2591.89546	0.01098
2590.46742	0.01086
2589.03938	0.01071
2587.61134	0.01056
2586.18329	0.01045
2584.75525	0.01036
2583.32721	0.01027
2581.89917	0.01017
2580.47113	0.01004
2579.04309	0.00991
2577.61504	0.00980
2576.18700	0.00971
2574.75896	0.00961
2573.33092	0.00949
2571.90288	0.00935
2570.47484	0.00921
2569.04680	0.00908
2567.61875	0.00896
2566.19071	0.00886
2564.76267	0.00880
2563.33463	0.00875
2561.90659	0.00868
2560.47855	0.00855
2559.05050	0.00839
2557.62246	0.00823
2556.19442	0.00812
2554.76638	0.00804
2553.33834	0.00800
2551.91030	0.00795
2550.48225	0.00788
2549.05421	0.00778
2547.62617	0.00767
2546.19813	0.00760
2544.77009	0.00756
2543.34205	0.00751
2541.91401	0.00742
2540.48596	0.00734
2539.05792	0.00729
2537.62988	0.00728
2536.20184	0.00725
2534.77380	0.00720
2533.34576	0.00714
2531.91771	0.00710
2530.48967	0.00705
2529.06163	0.00698
2527.63359	0.00690
2526.20555	0.00687
2524.77751	0.00689
2523.34946	0.00696
2521.92142	0.00702
2520.49338	0.00701
2519.06534	0.00692
2517.63730	0.00677
2516.20926	0.00665
2514.78122	0.00659
2513.35317	0.00656
2511.92513	0.00651
2510.49709	0.00647
2509.06905	0.00644
2507.64101	0.00642
2506.21297	0.00643
2504.78492	0.00645
2503.35688	0.00649
2501.92884	0.00652
2500.50080	0.00650
2499.07276	0.00643
2497.64472	0.00637
2496.21667	0.00634
2494.78863	0.00633
2493.36059	0.00630
2491.93255	0.00626
2490.50451	0.00620
2489.07647	0.00612
2487.64843	0.00601
2486.22038	0.00591
2484.79234	0.00583
2483.36430	0.00579
2481.93626	0.00576
2480.50822	0.00571
2479.08018	0.00565
2477.65213	0.00559
2476.22409	0.00555
2474.79605	0.00550
2473.36801	0.00546
2471.93997	0.00543
2470.51193	0.00539
2469.08388	0.00533
2467.65584	0.00522
2466.22780	0.00508
2464.79976	0.00498
2463.37172	0.00494
2461.94368	0.00496
2460.51564	0.00500
2459.08759	0.00502
2457.65955	0.00501
2456.23151	0.00499
2454.80347	0.00497
2453.37543	0.00495
2451.94739	0.00493
2450.51934	0.00490
2449.09130	0.00485
2447.66326	0.00480
2446.23522	0.00479
2444.80718	0.00479
2443.37914	0.00479
2441.95109	0.00479
2440.52305	0.00479
2439.09501	0.00481
2437.66697	0.00483
2436.23893	0.00484
2434.81089	0.00483
2433.38285	0.00481
2431.95480	0.00478
2430.52676	0.00475
2429.09872	0.00473
2427.67068	0.00474
2426.24264	0.00478
2424.81460	0.00480
2423.38655	0.00478
2421.95851	0.00476
2420.53047	0.00477
2419.10243	0.00482
2417.67439	0.00486
2416.24635	0.00487
2414.81830	0.00484
2413.39026	0.00479
2411.96222	0.00473
2410.53418	0.00466
2409.10614	0.00460
2407.67810	0.00457
2406.25006	0.00460
2404.82201	0.00464
2403.39397	0.00467
2401.96593	0.00467
2400.53789	0.00466
2399.10985	0.00464
2397.68181	0.00462
2396.25376	0.00460
2394.82572	0.00458
2393.39768	0.00460
2391.96964	0.00463
2390.54160	0.00468
2389.11356	0.00474
2387.68551	0.00479
2386.25747	0.00486
2384.82943	0.00495
2383.40139	0.00508
2381.97335	0.00521
2380.54531	0.00526
2379.11727	0.00526
2377.68922	0.00527
2376.26118	0.00534
2374.83314	0.00538
2373.40510	0.00522
2371.97706	0.00476
2370.54902	0.00413
2369.12097	0.00344
2367.69293	0.00271
2366.26489	0.00192
2364.83685	0.00111
2363.40881	0.00035
2361.98077	-0.00027
2360.55273	-0.00067
2359.12468	-0.00076
2357.69664	-0.00039
2356.26860	0.00054
2354.84056	0.00194
2353.41252	0.00350
2351.98448	0.00477
2350.55643	0.00548
2349.12839	0.00566
2347.70035	0.00538
2346.27231	0.00471
2344.84427	0.00385
2343.41623	0.00321
2341.98818	0.00296
2340.56014	0.00296
2339.13210	0.00308
2337.70406	0.00326
2336.27602	0.00343
2334.84798	0.00356
2333.41994	0.00360
2331.99189	0.00363
2330.56385	0.00381
2329.13581	0.00429
2327.70777	0.00493
2326.27973	0.00546
2324.85169	0.00568
2323.42364	0.00561
2321.99560	0.00542
2320.56756	0.00528
2319.13952	0.00523
2317.71148	0.00523
2316.28344	0.00525
2314.85539	0.00527
2313.42735	0.00531
2311.99931	0.00533
2310.57127	0.00532
2309.14323	0.00527
2307.71519	0.00521
2306.28715	0.00515
2304.85910	0.00509
2303.43106	0.00505
2302.00302	0.00501
2300.57498	0.00499
2299.14694	0.00498
2297.71890	0.00500
2296.29085	0.00498
2294.86281	0.00493
2293.43477	0.00487
2292.00673	0.00486
2290.57869	0.00487
2289.15065	0.00485
2287.72260	0.00479
2286.29456	0.00471
2284.86652	0.00458
2283.43848	0.00441
2282.01044	0.00420
2280.58240	0.00398
2279.15436	0.00383
2277.72631	0.00378
2276.29827	0.00379
2274.87023	0.00378
2273.44219	0.00372
2272.01415	0.00364
2270.58611	0.00359
2269.15806	0.00358
2267.73002	0.00358
2266.30198	0.00358
2264.87394	0.00356
2263.44590	0.00351
2262.01786	0.00343
2260.58981	0.00334
2259.16177	0.00331
2257.73373	0.00335
2256.30569	0.00341
2254.87765	0.00337
2253.44961	0.00317
2252.02157	0.00295
2250.59352	0.00287
2249.16548	0.00297
2247.73744	0.00311
2246.30940	0.00316
2244.88136	0.00306
2243.45332	0.00289
2242.02527	0.00272
2240.59723	0.00260
2239.16919	0.00254
2237.74115	0.00255
2236.31311	0.00262
2234.88507	0.00271
2233.45702	0.00279
2232.02898	0.00283
2230.60094	0.00283
2229.17290	0.00280
2227.74486	0.00270
2226.31682	0.00255
2224.88878	0.00239
2223.46073	0.00232
2222.03269	0.00235
2220.60465	0.00245
2219.17661	0.00250
2217.74857	0.00247
2216.32053	0.00238
2214.89248	0.00231
2213.46444	0.00231
2212.03640	0.00235
2210.60836	0.00235
2209.18032	0.00231
2207.75228	0.00234
2206.32423	0.00248
2204.89619	0.00266
2203.46815	0.00275
2202.04011	0.00273
2200.61207	0.00266
2199.18403	0.00257
2197.75599	0.00250
2196.32794	0.00246
2194.89990	0.00246
2193.47186	0.00249
2192.04382	0.00249
2190.61578	0.00244
2189.18774	0.00235
2187.75969	0.00223
2186.33165	0.00206
2184.90361	0.00186
2183.47557	0.00168
2182.04753	0.00160
2180.61949	0.00157
2179.19144	0.00144
2177.76340	0.00118
2176.33536	0.00093
2174.90732	0.00081
2173.47928	0.00082
2172.05124	0.00090
2170.62320	0.00094
2169.19515	0.00085
2167.76711	0.00059
2166.33907	0.00027
2164.91103	0.00001
2163.48299	-0.00021
2162.05495	-0.00056
2160.62690	-0.00108
2159.19886	-0.00150
2157.77082	-0.00148
2156.34278	-0.00113
2154.91474	-0.00078
2153.48670	-0.00060
2152.05865	-0.00050
2150.63061	-0.00035
2149.20257	-0.00012
2147.77453	0.00008
2146.34649	0.00019
2144.91845	0.00033
2143.49041	0.00058
2142.06236	0.00091
2140.63432	0.00118
2139.20628	0.00130
2137.77824	0.00132
2136.35020	0.00137
2134.92216	0.00153
2133.49411	0.00177
2132.06607	0.00201
2130.63803	0.00224
2129.20999	0.00244
2127.78195	0.00262
2126.35391	0.00279
2124.92586	0.00296
2123.49782	0.00309
2122.06978	0.00321
2120.64174	0.00331
2119.21370	0.00338
2117.78566	0.00342
2116.35762	0.00346
2114.92957	0.00353
2113.50153	0.00360
2112.07349	0.00363
2110.64545	0.00360
2109.21741	0.00353
2107.78937	0.00343
2106.36132	0.00333
2104.93328	0.00331
2103.50524	0.00341
2102.07720	0.00355
2100.64916	0.00367
2099.22112	0.00369
2097.79308	0.00361
2096.36503	0.00349
2094.93699	0.00344
2093.50895	0.00349
2092.08091	0.00360
2090.65287	0.00371
2089.22483	0.00380
2087.79678	0.00383
2086.36874	0.00376
2084.94070	0.00358
2083.51266	0.00343
2082.08462	0.00340
2080.65658	0.00346
2079.22853	0.00350
2077.80049	0.00349
2076.37245	0.00347
2074.94441	0.00344
2073.51637	0.00339
2072.08833	0.00329
2070.66029	0.00314
2069.23224	0.00299
2067.80420	0.00291
2066.37616	0.00291
2064.94812	0.00292
2063.52008	0.00291
2062.09204	0.00288
2060.66399	0.00287
2059.23595	0.00288
2057.80791	0.00282
2056.37987	0.00264
2054.95183	0.00246
2053.52379	0.00241
2052.09574	0.00243
2050.66770	0.00236
2049.23966	0.00212
2047.81162	0.00184
2046.38358	0.00166
2044.95554	0.00155
2043.52750	0.00143
2042.09945	0.00127
2040.67141	0.00111
2039.24337	0.00091
2037.81533	0.00063
2036.38729	0.00035
2034.95925	0.00010
2033.53120	-0.00011
2032.10316	-0.00025
2030.67512	-0.00025
2029.24708	-0.00019
2027.81904	-0.00017
2026.39100	-0.00027
2024.96295	-0.00039
2023.53491	-0.00041
2022.10687	-0.00033
2020.67883	-0.00023
2019.25079	-0.00011
2017.82275	0.00000
2016.39471	0.00007
2014.96666	0.00010
2013.53862	0.00014
2012.11058	0.00015
2010.68254	0.00013
2009.25450	0.00007
2007.82646	-0.00001
2006.39841	-0.00000
2004.97037	0.00021
2003.54233	0.00055
2002.11429	0.00085
2000.68625	0.00102
1999.25821	0.00108
1997.83016	0.00106
1996.40212	0.00102
1994.97408	0.00097
1993.54604	0.00089
1992.11800	0.00080
1990.68996	0.00079
1989.26192	0.00084
1987.83387	0.00087
1986.40583	0.00086
1984.97779	0.00091
1983.54975	0.00109
1982.12171	0.00131
1980.69367	0.00136
1979.26562	0.00107
1977.83758	0.00057
1976.40954	0.00014
1974.98150	0.00005
1973.55346	0.00030
1972.12542	0.00069
1970.69737	0.00101
1969.26933	0.00117
1967.84129	0.00123
1966.41325	0.00128
1964.98521	0.00132
1963.55717	0.00133
1962.12913	0.00129
1960.70108	0.00129
1959.27304	0.00140
1957.84500	0.00164
1956.41696	0.00188
1954.98892	0.00200
1953.56088	0.00196
1952.13283	0.00186
1950.70479	0.00181
1949.27675	0.00185
1947.84871	0.00196
1946.42067	0.00213
1944.99263	0.00232
1943.56458	0.00246
1942.13654	0.00249
1940.70850	0.00250
1939.28046	0.00253
1937.85242	0.00260
1936.42438	0.00270
1934.99634	0.00281
1933.56829	0.00288
1932.14025	0.00292
1930.71221	0.00297
1929.28417	0.00305
1927.85613	0.00311
1926.42809	0.00315
1925.00004	0.00322
1923.57200	0.00335
1922.14396	0.00349
1920.71592	0.00361
1919.28788	0.00369
1917.85984	0.00372
1916.43179	0.00369
1915.00375	0.00366
1913.57571	0.00371
1912.14767	0.00382
1910.71963	0.00398
1909.29159	0.00410
1907.86355	0.00413
1906.43550	0.00410
1905.00746	0.00409
1903.57942	0.00413
1902.15138	0.00418
1900.72334	0.00425
1899.29530	0.00432
1897.86725	0.00439
1896.43921	0.00448
1895.01117	0.00454
1893.58313	0.00458
1892.15509	0.00463
1890.72705	0.00469
1889.29900	0.00472
1887.87096	0.00471
1886.44292	0.00470
1885.01488	0.00471
1883.58684	0.00475
1882.15880	0.00481
1880.73076	0.00486
1879.30271	0.00486
1877.87467	0.00483
1876.44663	0.00480
1875.01859	0.00479
1873.59055	0.00482
1872.16251	0.00492
1870.73446	0.00511
1869.30642	0.00534
1867.87838	0.00541
1866.45034	0.00529
1865.02230	0.00517
1863.59426	0.00513
1862.16622	0.00515
1860.73817	0.00518
1859.31013	0.00519
1857.88209	0.00517
1856.45405	0.00514
1855.02601	0.00512
1853.59797	0.00513
1852.16992	0.00517
1850.74188	0.00528
1849.31384	0.00546
1847.88580	0.00572
1846.45776	0.00602
1845.02972	0.00625
1843.60167	0.00625
1842.17363	0.00610
1840.74559	0.00599
1839.31755	0.00599
1837.88951	0.00607
1836.46147	0.00615
1835.03343	0.00620
1833.60538	0.00631
1832.17734	0.00653
1830.74930	0.00681
1829.32126	0.00699
1827.89322	0.00700
1826.46518	0.00697
1825.03713	0.00700
1823.60909	0.00705
1822.18105	0.00703
1820.75301	0.00697
1819.32497	0.00695
1817.89693	0.00699
1816.46888	0.00712
1815.04084	0.00731
1813.61280	0.00755
1812.18476	0.00779
1810.75672	0.00796
1809.32868	0.00801
1807.90064	0.00801
1806.47259	0.00805
1805.04455	0.00818
1803.61651	0.00838
1802.18847	0.00864
1800.76043	0.00886
1799.33239	0.00901
1797.90434	0.00914
1796.47630	0.00932
1795.04826	0.00955
1793.62022	0.00979
1792.19218	0.00995
1790.76414	0.00989
1789.33609	0.00974
1787.90805	0.00969
1786.48001	0.00978
1785.05197	0.00995
1783.62393	0.01016
1782.19589	0.01036
1780.76785	0.01052
1779.33980	0.01063
1777.91176	0.01073
1776.48372	0.01088
1775.05568	0.01116
1773.62764	0.01158
1772.19960	0.01192
1770.77155	0.01201
1769.34351	0.01195
1767.91547	0.01186
1766.48743	0.01183
1765.05939	0.01190
1763.63135	0.01206
1762.20330	0.01228
1760.77526	0.01251
1759.34722	0.01271
1757.91918	0.01292
1756.49114	0.01314
1755.06310	0.01331
1753.63506	0.01352
1752.20701	0.01391
1750.77897	0.01451
1749.35093	0.01507
1747.92289	0.01537
1746.49485	0.01546
1745.06681	0.01549
1743.63876	0.01560
1742.21072	0.01579
1740.78268	0.01607
1739.35464	0.01641
1737.92660	0.01674
1736.49856	0.01707
1735.07051	0.01761
1733.64247	0.01847
1732.21443	0.01914
1730.78639	0.01948
1729.35835	0.01978
1727.93031	0.02011
1726.50227	0.02056
1725.07422	0.02126
1723.64618	0.02218
1722.21814	0.02311
1720.79010	0.02403
1719.36206	0.02530
1717.93402	0.02763
1716.50597	0.03116
1715.07793	0.03422
1713.64989	0.03656
1712.22185	0.03919
1710.79381	0.04258
1709.36577	0.04694
1707.93772	0.05323
1706.50968	0.06331
1705.08164	0.07642
1703.65360	0.08823
1702.22556	0.09756
1700.79752	0.10693
1699.36948	0.11634
1697.94143	0.12218
1696.51339	0.12469
1695.08535	0.12635
1693.65731	0.12789
1692.22927	0.12972
1690.80123	0.13261
1689.37318	0.13667
1687.94514	0.14079
1686.51710	0.14492
1685.08906	0.15195
1683.66102	0.16281
1682.23298	0.17129
1680.80493	0.17657
1679.37689	0.18117
1677.94885	0.18624
1676.52081	0.19302
1675.09277	0.20193
1673.66473	0.21068
1672.23669	0.21812
1670.80864	0.22738
1669.38060	0.24031
1667.95256	0.25151
1666.52452	0.25858
1665.09648	0.26518
1663.66844	0.27523
1662.24039	0.28924
1660.81235	0.30248
1659.38431	0.31242
1657.95627	0.32037
1656.52823	0.32757
1655.10019	0.33684
1653.67214	0.35573
1652.24410	0.37691
1650.81606	0.38436
1649.38802	0.38683
1647.95998	0.39267
1646.53194	0.40319
1645.10390	0.41078
1643.67585	0.41414
1642.24781	0.41683
1640.81977	0.42010
1639.39173	0.42395
1637.96369	0.42999
1636.53565	0.44325
1635.10760	0.46225
1633.67956	0.47567
1632.25152	0.48473
1630.82348	0.49527
1629.39544	0.51112
1627.96740	0.53258
1626.53935	0.55539
1625.11131	0.57797
1623.68327	0.60308
1622.25523	0.62570
1620.82719	0.63691
1619.39915	0.63742
1617.97111	0.62811
1616.54306	0.60604
1615.11502	0.57826
1613.68698	0.55287
1612.25894	0.52740
1610.83090	0.49826
1609.40286	0.46498
1607.97481	0.43067
1606.54677	0.39919
1605.11873	0.37138
1603.69069	0.34593
1602.26265	0.32257
1600.83461	0.30253
1599.40657	0.28631
1597.97852	0.27283
1596.55048	0.26065
1595.12244	0.24908
1593.69440	0.23839
1592.26636	0.22891
1590.83832	0.22053
1589.41027	0.21326
1587.98223	0.20733
1586.55419	0.20282
1585.12615	0.19965
1583.69811	0.19772
1582.27007	0.19687
1580.84202	0.19689
1579.41398	0.19768
1577.98594	0.19995
1576.55790	0.20505
1575.12986	0.21121
1573.70182	0.21523
1572.27378	0.21851
1570.84573	0.22417
1569.41769	0.23347
1567.98965	0.24298
1566.56161	0.25069
1565.13357	0.25822
1563.70553	0.26554
1562.27748	0.27140
1560.84944	0.27763
1559.42140	0.29310
1557.99336	0.31793
1556.56532	0.33086
1555.13728	0.33770
1553.70923	0.34479
1552.28119	0.35253
1550.85315	0.36142
1549.42511	0.37109
1547.99707	0.37960
1546.56903	0.38676
1545.14099	0.39477
1543.71294	0.40575
1542.28490	0.42124
1540.85686	0.44534
1539.42882	0.46734
1538.00078	0.47563
1536.57274	0.47917
1535.14469	0.48552
1533.71665	0.49841
1532.28861	0.51303
1530.86057	0.52226
1529.43253	0.52835
1528.00449	0.53585
1526.57644	0.54550
1525.14840	0.55446
1523.72036	0.56244
1522.29232	0.57266
1520.86428	0.58418
1519.43624	0.59284
1518.00820	0.60022
1516.58015	0.60801
1515.15211	0.61270
1513.72407	0.61157
1512.29603	0.60632
1510.86799	0.59963
1509.43995	0.59158
1508.01190	0.57415
1506.58386	0.54161
1505.15582	0.51716
1503.72778	0.50167
1502.29974	0.48747
1500.87170	0.47180
1499.44365	0.45323
1498.01561	0.43027
1496.58757	0.40525
1495.15953	0.38504
1493.73149	0.37085
1492.30345	0.35870
1490.87541	0.34373
1489.44736	0.32351
1488.01932	0.30394
1486.59128	0.28983
1485.16324	0.27915
1483.73520	0.26978
1482.30716	0.26063
1480.87911	0.25185
1479.45107	0.24443
1478.02303	0.23858
1476.59499	0.23371
1475.16695	0.22948
1473.73891	0.22579
1472.31086	0.22253
1470.88282	0.22013
1469.45478	0.21862
1468.02674	0.21773
1466.59870	0.21767
1465.17066	0.21891
1463.74262	0.22096
1462.31457	0.22282
1460.88653	0.22460
1459.45849	0.22783
1458.03045	0.23667
1456.60241	0.25134
1455.17437	0.26098
1453.74632	0.26594
1452.31828	0.27017
1450.89024	0.27449
1449.46220	0.27864
1448.03416	0.28199
1446.60612	0.28361
1445.17807	0.28321
1443.75003	0.28137
1442.32199	0.27869
1440.89395	0.27550
1439.46591	0.27169
1438.03787	0.26605
1436.60983	0.25734
1435.18178	0.24772
1433.75374	0.23988
1432.32570	0.23314
1430.89766	0.22647
1429.46962	0.22040
1428.04158	0.21599
1426.61353	0.21334
1425.18549	0.21205
1423.75745	0.21182
1422.32941	0.21238
1420.90137	0.21394
1419.47333	0.21747
1418.04528	0.22258
1416.61724	0.22678
1415.18920	0.22962
1413.76116	0.23206
1412.33312	0.23445
1410.90508	0.23636
1409.47704	0.23727
1408.04899	0.23712
1406.62095	0.23611
1405.19291	0.23432
1403.76487	0.23198
1402.33683	0.22956
1400.90879	0.22726
1399.48074	0.22510
1398.05270	0.22332
1396.62466	0.22223
1395.19662	0.22184
1393.76858	0.22188
1392.34054	0.22207
1390.91249	0.22234
1389.48445	0.22280
1388.05641	0.22339
1386.62837	0.22355
1385.20033	0.22293
1383.77229	0.22182
1382.34425	0.22061
1380.91620	0.21944
1379.48816	0.21831
1378.06012	0.21720
1376.63208	0.21612
1375.20404	0.21500
1373.77600	0.21370
1372.34795	0.21217
1370.91991	0.21039
1369.49187	0.20811
1368.06383	0.20517
1366.63579	0.20174
1365.20775	0.19790
1363.77971	0.19329
1362.35166	0.18796
1360.92362	0.18302
1359.49558	0.17920
1358.06754	0.17625
1356.63950	0.17386
1355.21146	0.17198
1353.78341	0.17071
1352.35537	0.17010
1350.92733	0.17014
1349.49929	0.17084
1348.07125	0.17212
1346.64321	0.17387
1345.21516	0.17604
1343.78712	0.17855
1342.35908	0.18150
1340.93104	0.18537
1339.50300	0.19017
1338.07496	0.19458
1336.64692	0.19732
1335.21887	0.19840
1333.79083	0.19817
1332.36279	0.19673
1330.93475	0.19421
1329.50671	0.19085
1328.07867	0.18707
1326.65062	0.18325
1325.22258	0.17967
1323.79454	0.17654
1322.36650	0.17400
1320.93846	0.17206
1319.51042	0.17063
1318.08237	0.16958
1316.65433	0.16881
1315.22629	0.16827
1313.79825	0.16795
1312.37021	0.16776
1310.94217	0.16762
1309.51413	0.16751
1308.08608	0.16743
1306.65804	0.16735
1305.23000	0.16725
1303.80196	0.16715
1302.37392	0.16707
1300.94588	0.16703
1299.51783	0.16705
1298.08979	0.16714
1296.66175	0.16733
1295.23371	0.16765
1293.80567	0.16812
1292.37763	0.16880
1290.94958	0.16973
1289.52154	0.17090
1288.09350	0.17228
1286.66546	0.17384
1285.23742	0.17557
1283.80938	0.17753
1282.38134	0.17985
1280.95329	0.18263
1279.52525	0.18590
1278.09721	0.18970
1276.66917	0.19402
1275.24113	0.19884
1273.81309	0.20415
1272.38504	0.20990
1270.95700	0.21587
1269.52896	0.22170
1268.10092	0.22706
1266.67288	0.23177
1265.24484	0.23571
1263.81679	0.23887
1262.38875	0.24132
1260.96071	0.24325
1259.53267	0.24484
1258.10463	0.24629
1256.67659	0.24786
1255.24855	0.24980
1253.82050	0.25225
1252.39246	0.25526
1250.96442	0.25880
1249.53638	0.26282
1248.10834	0.26731
1246.68030	0.27222
1245.25225	0.27751
1243.82421	0.28303
1242.39617	0.28857
1240.96813	0.29393
1239.54009	0.29898
1238.11205	0.30364
1236.68400	0.30778
1235.25596	0.31126
1233.82792	0.31385
1232.39988	0.31530
1230.97184	0.31533
1229.54380	0.31380
1228.11576	0.31075
1226.68771	0.30636
1225.25967	0.30088
1223.83163	0.29458
1222.40359	0.28770
1220.97555	0.28039
1219.54751	0.27271
1218.11946	0.26467
1216.69142	0.25628
1215.26338	0.24760
1213.83534	0.23870
1212.40730	0.22970
1210.97926	0.22079
1209.55121	0.21218
1208.12317	0.20398
1206.69513	0.19621
1205.26709	0.18886
1203.83905	0.18196
1202.41101	0.17554
1200.98297	0.16966
1199.55492	0.16437
1198.12688	0.15968
1196.69884	0.15561
1195.27080	0.15214
1193.84276	0.14925
1192.41472	0.14690
1190.98667	0.14502
1189.55863	0.14354
1188.13059	0.14241
1186.70255	0.14164
1185.27451	0.14131
1183.84647	0.14153
1182.41842	0.14245
1180.99038	0.14422
1179.56234	0.14695
1178.13430	0.15061
1176.70626	0.15496
1175.27822	0.15964
1173.85018	0.16412
1172.42213	0.16792
1170.99409	0.17077
1169.56605	0.17263
1168.13801	0.17362
1166.70997	0.17393
1165.28193	0.17369
1163.85388	0.17297
1162.42584	0.17175
1160.99780	0.17002
1159.56976	0.16779
1158.14172	0.16509
1156.71368	0.16200
1155.28563	0.15860
1153.85759	0.15497
1152.42955	0.15116
1151.00151	0.14726
1149.57347	0.14337
1148.14543	0.13961
1146.71739	0.13607
1145.28934	0.13280
1143.86130	0.12982
1142.43326	0.12710
1141.00522	0.12464
1139.57718	0.12247
1138.14914	0.12057
1136.72109	0.11892
1135.29305	0.11747
1133.86501	0.11620
1132.43697	0.11510
1131.00893	0.11414
1129.58089	0.11331
1128.15284	0.11262
1126.72480	0.11203
1125.29676	0.11150
1123.86872	0.11101
1122.44068	0.11059
1121.01264	0.11025
1119.58460	0.10998
1118.15655	0.10975
1116.72851	0.10956
1115.30047	0.10945
1113.87243	0.10949
1112.44439	0.10976
1111.01635	0.11032
1109.58830	0.11115
1108.16026	0.11215
1106.73222	0.11314
1105.30418	0.11390
1103.87614	0.11426
1102.44810	0.11416
1101.02006	0.11363
1099.59201	0.11284
1098.16397	0.11202
1096.73593	0.11142
1095.30789	0.11122
1093.87985	0.11153
1092.45181	0.11239
1091.02376	0.11380
1089.59572	0.11578
1088.16768	0.11834
1086.73964	0.12144
1085.31160	0.12496
1083.88356	0.12876
1082.45551	0.13273
1081.02747	0.13675
1079.59943	0.14076
1078.17139	0.14467
1076.74335	0.14841
1075.31531	0.15187
1073.88727	0.15496
1072.45922	0.15758
1071.03118	0.15963
1069.60314	0.16109
1068.17510	0.16205
1066.74706	0.16270
1065.31902	0.16332
1063.89097	0.16408
1062.46293	0.16504
1061.03489	0.16610
1059.60685	0.16698
1058.17881	0.16727
1056.75077	0.16661
1055.32272	0.16489
1053.89468	0.16233
1052.46664	0.15932
1051.03860	0.15627
1049.61056	0.15338
1048.18252	0.15073
1046.75448	0.14830
1045.32643	0.14600
1043.89839	0.14379
1042.47035	0.14162
1041.04231	0.13950
1039.61427	0.13744
1038.18623	0.13544
1036.75818	0.13351
1035.33014	0.13167
1033.90210	0.12995
1032.47406	0.12832
1031.04602	0.12673
1029.61798	0.12510
1028.18993	0.12343
1026.76189	0.12185
1025.33385	0.12065
1023.90581	0.12020
1022.47777	0.12082
1021.04973	0.12260
1019.62169	0.12523
1018.19364	0.12808
1016.76560	0.13036
1015.33756	0.13150
1013.90952	0.13136
1012.48148	0.13020
1011.05344	0.12852
1009.62539	0.12680
1008.19735	0.12538
1006.76931	0.12447
1005.34127	0.12409
1003.91323	0.12412
1002.48519	0.12435
1001.05714	0.12446
999.62910	0.12417
998.20106	0.12333
996.77302	0.12183
995.34498	0.11964
993.91694	0.11676
992.48890	0.11333
991.06085	0.10963
989.63281	0.10607
988.20477	0.10310
986.77673	0.10104
985.34869	0.10007
983.92065	0.10014
982.49260	0.10109
981.06456	0.10264
979.63652	0.10443
978.20848	0.10605
976.78044	0.10714
975.35240	0.10748
973.92435	0.10698
972.49631	0.10572
971.06827	0.10394
969.64023	0.10196
968.21219	0.10005
966.78415	0.09841
965.35611	0.09711
963.92806	0.09611
962.50002	0.09530
961.07198	0.09460
959.64394	0.09401
958.21590	0.09353
956.78786	0.09317
955.35981	0.09284
953.93177	0.09249
952.50373	0.09209
951.07569	0.09166
949.64765	0.09123
948.21961	0.09083
946.79156	0.09046
945.36352	0.09007
943.93548	0.08964
942.50744	0.08924
941.07940	0.08892
939.65136	0.08866
938.22332	0.08842
936.79527	0.08823
935.36723	0.08814
933.93919	0.08819
932.51115	0.08832
931.08311	0.08842
929.65507	0.08834
928.22702	0.08799
926.79898	0.08737
925.37094	0.08650
923.94290	0.08536
922.51486	0.08397
921.08682	0.08240
919.65877	0.08081
918.23073	0.07933
916.80269	0.07801
915.37465	0.07682
913.94661	0.07572
912.51857	0.07475
911.09053	0.07394
909.66248	0.07325
908.23444	0.07268
906.80640	0.07227
905.37836	0.07203
903.95032	0.07192
902.52228	0.07185
901.09423	0.07179
899.66619	0.07173
898.23815	0.07168
896.81011	0.07162
895.38207	0.07153
893.95403	0.07143
892.52598	0.07138
891.09794	0.07141
889.66990	0.07149
888.24186	0.07159
886.81382	0.07169
885.38578	0.07179
883.95774	0.07194
882.52969	0.07211
881.10165	0.07230
879.67361	0.07250
878.24557	0.07271
876.81753	0.07293
875.38949	0.07313
873.96144	0.07334
872.53340	0.07358
871.10536	0.07389
869.67732	0.07433
868.24928	0.07497
866.82124	0.07585
865.39320	0.07696
863.96515	0.07827
862.53711	0.07974
861.10907	0.08137
859.68103	0.08319
858.25299	0.08516
856.82495	0.08719
855.39690	0.08910
853.96886	0.09074
852.54082	0.09197
851.11278	0.09266
849.68474	0.09282
848.25670	0.09261
846.82865	0.09232
845.40061	0.09225
843.97257	0.09255
842.54453	0.09326
841.11649	0.09436
839.68845	0.09576
838.26041	0.09739
836.83236	0.09911
835.40432	0.10084
833.97628	0.10251
832.54824	0.10410
831.12020	0.10554
829.69216	0.10669
828.26411	0.10744
826.83607	0.10777
825.40803	0.10778
823.97999	0.10764
822.55195	0.10747
821.12391	0.10733
819.69586	0.10731
818.26782	0.10750
816.83978	0.10793
815.41174	0.10856
813.98370	0.10928
812.55566	0.11003
811.12762	0.11079
809.69957	0.11156
808.27153	0.11237
806.84349	0.11318
805.41545	0.11394
803.98741	0.11457
802.55937	0.11504
801.13132	0.11542
799.70328	0.11583
798.27524	0.11637
796.84720	0.11707
795.41916	0.11790
793.99112	0.11890
792.56307	0.12009
791.13503	0.12144
789.70699	0.12290
788.27895	0.12445
786.85091	0.12611
785.42287	0.12786
783.99483	0.12966
782.56678	0.13143
781.13874	0.13316
779.71070	0.13491
778.28266	0.13678
776.85462	0.13885
775.42658	0.14108
773.99853	0.14335
772.57049	0.14555
771.14245	0.14768
769.71441	0.14977
768.28637	0.15178
766.85833	0.15364
765.43028	0.15533
764.00224	0.15687
762.57420	0.15835
761.14616	0.15985
759.71812	0.16142
758.29008	0.16308
756.86204	0.16489
755.43399	0.16686
754.00595	0.16897
752.57791	0.17121
751.14987	0.17357
749.72183	0.17608
748.29379	0.17872
746.86574	0.18147
745.43770	0.18435
744.00966	0.18736
742.58162	0.19051
741.15358	0.19375
739.72554	0.19706
738.29749	0.20043
736.86945	0.20382
735.44141	0.20728
734.01337	0.21081
732.58533	0.21437
731.15729	0.21791
729.72925	0.22136
728.30120	0.22472
726.87316	0.22802
725.44512	0.23128
724.01708	0.23441
722.58904	0.23740
721.16100	0.24035
719.73295	0.24323
718.30491	0.24595
716.87687	0.24850
715.44883	0.25105
714.02079	0.25373
712.59275	0.25655
711.16470	0.25950
709.73666	0.26260
708.30862	0.26588
706.88058	0.26934
705.45254	0.27289
704.02450	0.27640
702.59646	0.27973
701.16841	0.28285
699.74037	0.28580
698.31233	0.28859
696.88429	0.29116
695.45625	0.29350
694.02821	0.29565
692.60016	0.29766
691.17212	0.29960
689.74408	0.30154
688.31604	0.30347
686.88800	0.30523
685.45996	0.30672
684.03191	0.30794
682.60387	0.30903
681.17583	0.31013
679.74779	0.31125
678.31975	0.31231
676.89171	0.31323
675.46367	0.31401
674.03562	0.31467
672.60758	0.31519
671.17954	0.31567
669.75150	0.31650
668.32346	0.31803
666.89542	0.31952
665.46737	0.32040
664.03933	0.32112
662.61129	0.32205
661.18325	0.32323
659.75521	0.32458
658.32717	0.32608
656.89912	0.32769
655.47108	0.32935
654.04304	0.33098
652.61500	0.33256
651.18696	0.33405
649.75892	0.33549
648.33088	0.33687
646.90283	0.33816
645.47479	0.33934
644.04675	0.34044
642.61871	0.34150
641.19067	0.34248
639.76263	0.34332
638.33458	0.34401
636.90654	0.34462
635.47850	0.34523
634.05046	0.34584
632.62242	0.34638
631.19438	0.34682
629.76633	0.34716
628.33829	0.34748
626.91025	0.34788
625.48221	0.34829
624.05417	0.34862
622.62613	0.34887
621.19809	0.34918
619.77004	0.34964
618.34200	0.35031
616.91396	0.35122
615.48592	0.35234
614.05788	0.35356
612.62984	0.35464
611.20179	0.35532
609.77375	0.35550
608.34571	0.35524
606.91767	0.35457
605.48963	0.35344
604.06159	0.35191
602.63355	0.35021
601.20550	0.34853
599.77746	0.34691
598.34942	0.34536
596.92138	0.34403
595.49334	0.34296
594.06530	0.34212
592.63725	0.34144
591.20921	0.34095
589.78117	0.34066
588.35313	0.34052
586.92509	0.34048
585.49705	0.34053
584.06900	0.34075
582.64096	0.34119
581.21292	0.34188
579.78488	0.34277
578.35684	0.34383
576.92880	0.34508
575.50076	0.34643
574.07271	0.34776
572.64467	0.34907
571.21663	0.35053
569.78859	0.35238
568.36055	0.35477
566.93251	0.35771
565.50446	0.36120
564.07642	0.36523
562.64838	0.36980
561.22034	0.37483
559.79230	0.38027
558.36426	0.38612
556.93621	0.39230
555.50817	0.39863
554.08013	0.40476
552.65209	0.41026
551.22405	0.41485
549.79601	0.41847
548.36797	0.42118
546.93992	0.42291
545.51188	0.42367
544.08384	0.42366
542.65580	0.42305
541.22776	0.42183
539.79972	0.42004
538.37167	0.41787
536.94363	0.41554
535.51559	0.41311
534.08755	0.41070
532.65951	0.40845
531.23147	0.40641
529.80342	0.40452
528.37538	0.40273
526.94734	0.40106
525.51930	0.39955
524.09126	0.39819
522.66322	0.39698
521.23518	0.39594
519.80713	0.39510
518.37909	0.39443
516.95105	0.39376
515.52301	0.39296
514.09497	0.39203
512.66693	0.39115
511.23888	0.39049
509.81084	0.39002
508.38280	0.38961
506.95476	0.38922
505.52672	0.38887
504.09868	0.38843
502.67063	0.38756
501.24259	0.38613
499.81455	0.38462
498.38651	0.38364
496.95847	0.38326
495.53043	0.38309
494.10239	0.38285
492.67434	0.38258
491.24630	0.38242
489.81826	0.38228
488.39022	0.38194
486.96218	0.38116
485.53414	0.37983
484.10609	0.37826
482.67805	0.37688
481.25001	0.37562
479.82197	0.37413
478.39393	0.37236
476.96589	0.37060
475.53784	0.36908
474.10980	0.36797
472.68176	0.36734
471.25372	0.36684
469.82568	0.36582
468.39764	0.36410
466.96960	0.36204
465.54155	0.36015
464.11351	0.35861
462.68547	0.35727
461.25743	0.35600
459.82939	0.35488
458.40135	0.35425
456.97330	0.35419
455.54526	0.35416
454.11722	0.35357
452.68918	0.35247
451.26114	0.35139
449.83310	0.35077
448.40505	0.35057
446.97701	0.35050
445.54897	0.35046
444.12093	0.35043
442.69289	0.35003
441.26485	0.34908
439.83681	0.34803
438.40876	0.34737
436.98072	0.34714
435.55268	0.34740
434.12464	0.34850
432.69660	0.35061
431.26856	0.35338
429.84051	0.35626
428.41247	0.35883
426.98443	0.36094
425.55639	0.36242
424.12835	0.36302
422.70031	0.36267
421.27226	0.36162
419.84422	0.36010
418.41618	0.35858
416.98814	0.35750
415.56010	0.35662
414.13206	0.35563
412.70402	0.35442
411.27597	0.35302
409.84793	0.35161
408.41989	0.35024
406.99185	0.34876
405.56381	0.34702
404.13577	0.34500
402.70772	0.34256
401.27968	0.33946
399.85164	0.33575
