3998.51641	0.00325
3997.08837	0.00331
3995.66033	0.00337
3994.23229	0.00342
3992.80425	0.00346
3991.37620	0.00347
3989.94816	0.00345
3988.52012	0.00339
3987.09208	0.00333
3985.66404	0.00330
3984.23600	0.00327
3982.80796	0.00324
3981.37991	0.00321
3979.95187	0.00322
3978.52383	0.00328
3977.09579	0.00336
3975.66775	0.00338
3974.23971	0.00334
3972.81166	0.00328
3971.38362	0.00326
3969.95558	0.00327
3968.52754	0.00327
3967.09950	0.00326
3965.67146	0.00324
3964.24341	0.00322
3962.81537	0.00319
3961.38733	0.00316
3959.95929	0.00316
3958.53125	0.00318
3957.10321	0.00319
3955.67517	0.00317
3954.24712	0.00314
3952.81908	0.00314
3951.39104	0.00318
3949.96300	0.00323
3948.53496	0.00322
3947.10692	0.00318
3945.67887	0.00319
3944.25083	0.00325
3942.82279	0.00326
3941.39475	0.00316
3939.96671	0.00300
3938.53867	0.00287
3937.11062	0.00284
3935.68258	0.00292
3934.25454	0.00306
3932.82650	0.00317
3931.39846	0.00318
3929.97042	0.00314
3928.54238	0.00311
3927.11433	0.00311
3925.68629	0.00311
3924.25825	0.00308
3922.83021	0.00303
3921.40217	0.00301
3919.97413	0.00301
3918.54608	0.00297
3917.11804	0.00288
3915.69000	0.00280
3914.26196	0.00276
3912.83392	0.00277
3911.40588	0.00279
3909.97783	0.00278
3908.54979	0.00279
3907.12175	0.00289
3905.69371	0.00310
3904.26567	0.00334
3902.83763	0.00343
3901.40959	0.00336
3899.98154	0.00319
3898.55350	0.00302
3897.12546	0.00292
3895.69742	0.00295
3894.26938	0.00306
3892.84134	0.00313
3891.41329	0.00305
3889.98525	0.00293
3888.55721	0.00288
3887.12917	0.00292
3885.70113	0.00295
3884.27309	0.00292
3882.84504	0.00286
3881.41700	0.00275
3879.98896	0.00261
3878.56092	0.00252
3877.13288	0.00254
3875.70484	0.00263
3874.27680	0.00276
3872.84875	0.00293
3871.42071	0.00307
3869.99267	0.00309
3868.56463	0.00299
3867.13659	0.00290
3865.70855	0.00290
3864.28050	0.00290
3862.85246	0.00282
3861.42442	0.00269
3859.99638	0.00262
3858.56834	0.00265
3857.14030	0.00277
3855.71226	0.00294
3854.28421	0.00310
3852.85617	0.00302
3851.42813	0.00277
3850.00009	0.00257
3848.57205	0.00246
3847.14401	0.00243
3845.71596	0.00249
3844.28792	0.00261
3842.85988	0.00277
3841.43184	0.00294
3840.00380	0.00308
3838.57576	0.00308
3837.14771	0.00289
3835.71967	0.00266
3834.29163	0.00252
3832.86359	0.00246
3831.43555	0.00245
3830.00751	0.00246
3828.57947	0.00249
3827.15142	0.00257
3825.72338	0.00269
3824.29534	0.00289
3822.86730	0.00314
3821.43926	0.00330
3820.01122	0.00317
3818.58317	0.00291
3817.15513	0.00268
3815.72709	0.00248
3814.29905	0.00234
3812.87101	0.00227
3811.44297	0.00230
3810.01492	0.00243
3808.58688	0.00262
3807.15884	0.00273
3805.73080	0.00269
3804.30276	0.00262
3802.87472	0.00263
3801.44668	0.00265
3800.01863	0.00262
3798.59059	0.00255
3797.16255	0.00244
3795.73451	0.00230
3794.30647	0.00218
3792.87843	0.00213
3791.45038	0.00214
3790.02234	0.00221
3788.59430	0.00232
3787.16626	0.00242
3785.73822	0.00244
3784.31018	0.00241
3782.88213	0.00238
3781.45409	0.00240
3780.02605	0.00240
3778.59801	0.00232
3777.16997	0.00222
3775.74193	0.00218
3774.31389	0.00223
3772.88584	0.00235
3771.45780	0.00247
3770.02976	0.00254
3768.60172	0.00255
3767.17368	0.00253
3765.74564	0.00250
3764.31759	0.00245
3762.88955	0.00244
3761.46151	0.00250
3760.03347	0.00264
3758.60543	0.00279
3757.17739	0.00287
3755.74934	0.00292
3754.32130	0.00304
3752.89326	0.00329
3751.46522	0.00354
3750.03718	0.00349
3748.60914	0.00330
3747.18110	0.00322
3745.75305	0.00323
3744.32501	0.00323
3742.89697	0.00323
3741.46893	0.00323
3740.04089	0.00326
3738.61285	0.00334
3737.18480	0.00350
3735.75676	0.00367
3734.32872	0.00365
3732.90068	0.00346
3731.47264	0.00326
3730.04460	0.00312
3728.61655	0.00305
3727.18851	0.00306
3725.76047	0.00312
3724.33243	0.00317
3722.90439	0.00313
3721.47635	0.00302
3720.04831	0.00291
3718.62026	0.00284
3717.19222	0.00284
3715.76418	0.00291
3714.33614	0.00306
3712.90810	0.00326
3711.48006	0.00337
3710.05201	0.00328
3708.62397	0.00311
3707.19593	0.00303
3705.76789	0.00304
3704.33985	0.00314
3702.91181	0.00328
3701.48376	0.00340
3700.05572	0.00348
3698.62768	0.00354
3697.19964	0.00361
3695.77160	0.00372
3694.34356	0.00387
3692.91552	0.00412
3691.48747	0.00447
3690.05943	0.00471
3688.63139	0.00459
3687.20335	0.00436
3685.77531	0.00425
3684.34727	0.00428
3682.91922	0.00444
3681.49118	0.00471
3680.06314	0.00505
3678.63510	0.00540
3677.20706	0.00574
3675.77902	0.00600
3674.35097	0.00617
3672.92293	0.00636
3671.49489	0.00659
3670.06685	0.00670
3668.63881	0.00664
3667.21077	0.00663
3665.78273	0.00679
3664.35468	0.00707
3662.92664	0.00737
3661.49860	0.00766
3660.07056	0.00792
3658.64252	0.00820
3657.21448	0.00853
3655.78643	0.00887
3654.35839	0.00921
3652.93035	0.00960
3651.50231	0.01011
3650.07427	0.01078
3648.64623	0.01134
3647.21818	0.01162
3645.79014	0.01183
3644.36210	0.01209
3642.93406	0.01238
3641.50602	0.01266
3640.07798	0.01295
3638.64994	0.01328
3637.22189	0.01367
3635.79385	0.01411
3634.36581	0.01457
3632.93777	0.01504
3631.50973	0.01553
3630.08169	0.01614
3628.65364	0.01676
3627.22560	0.01708
3625.79756	0.01727
3624.36952	0.01756
3622.94148	0.01800
3621.51344	0.01858
3620.08539	0.01926
3618.65735	0.01985
3617.22931	0.02024
3615.80127	0.02057
3614.37323	0.02093
3612.94519	0.02131
3611.51715	0.02172
3610.08910	0.02217
3608.66106	0.02264
3607.23302	0.02306
3605.80498	0.02339
3604.37694	0.02373
3602.94890	0.02418
3601.52085	0.02473
3600.09281	0.02527
3598.66477	0.02575
3597.23673	0.02623
3595.80869	0.02672
3594.38065	0.02722
3592.95261	0.02769
3591.52456	0.02816
3590.09652	0.02875
3588.66848	0.02948
3587.24044	0.03018
3585.81240	0.03060
3584.38436	0.03090
3582.95631	0.03129
3581.52827	0.03181
3580.10023	0.03240
3578.67219	0.03296
3577.24415	0.03344
3575.81611	0.03393
3574.38806	0.03444
3572.96002	0.03497
3571.53198	0.03553
3570.10394	0.03615
3568.67590	0.03691
3567.24786	0.03777
3565.81982	0.03846
3564.39177	0.03886
3562.96373	0.03921
3561.53569	0.03966
3560.10765	0.04020
3558.67961	0.04079
3557.25157	0.04138
3555.82352	0.04198
3554.39548	0.04262
3552.96744	0.04327
3551.53940	0.04387
3550.11136	0.04441
3548.68332	0.04495
3547.25527	0.04554
3545.82723	0.04614
3544.39919	0.04670
3542.97115	0.04720
3541.54311	0.04769
3540.11507	0.04820
3538.68703	0.04876
3537.25898	0.04936
3535.83094	0.04999
3534.40290	0.05059
3532.97486	0.05114
3531.54682	0.05169
3530.11878	0.05226
3528.69073	0.05285
3527.26269	0.05341
3525.83465	0.05392
3524.40661	0.05441
3522.97857	0.05486
3521.55053	0.05528
3520.12248	0.05568
3518.69444	0.05609
3517.26640	0.05653
3515.83836	0.05700
3514.41032	0.05748
3512.98228	0.05799
3511.55424	0.05853
3510.12619	0.05903
3508.69815	0.05945
3507.27011	0.05980
3505.84207	0.06017
3504.41403	0.06058
3502.98599	0.06096
3501.55794	0.06126
3500.12990	0.06152
3498.70186	0.06179
3497.27382	0.06209
3495.84578	0.06242
3494.41774	0.06276
3492.98969	0.06312
3491.56165	0.06351
3490.13361	0.06391
3488.70557	0.06428
3487.27753	0.06465
3485.84949	0.06500
3484.42145	0.06533
3482.99340	0.06563
3481.56536	0.06589
3480.13732	0.06614
3478.70928	0.06642
3477.28124	0.06674
3475.85320	0.06707
3474.42515	0.06741
3472.99711	0.06771
3471.56907	0.06797
3470.14103	0.06823
3468.71299	0.06850
3467.28495	0.06876
3465.85690	0.06901
3464.42886	0.06928
3463.00082	0.06959
3461.57278	0.06991
3460.14474	0.07024
3458.71670	0.07057
3457.28866	0.07092
3455.86061	0.07125
3454.43257	0.07156
3453.00453	0.07185
3451.57649	0.07213
3450.14845	0.07244
3448.72041	0.07278
3447.29236	0.07311
3445.86432	0.07341
3444.43628	0.07371
3443.00824	0.07404
3441.58020	0.07438
3440.15216	0.07469
3438.72411	0.07500
3437.29607	0.07534
3435.86803	0.07574
3434.43999	0.07615
3433.01195	0.07655
3431.58391	0.07695
3430.15587	0.07738
3428.72782	0.07787
3427.29978	0.07841
3425.87174	0.07897
3424.44370	0.07952
3423.01566	0.08005
3421.58762	0.08058
3420.15957	0.08110
3418.73153	0.08161
3417.30349	0.08211
3415.87545	0.08261
3414.44741	0.08309
3413.01937	0.08355
3411.59132	0.08405
3410.16328	0.08461
3408.73524	0.08521
3407.30720	0.08580
3405.87916	0.08634
3404.45112	0.08689
3403.02308	0.08745
3401.59503	0.08803
3400.16699	0.08860
3398.73895	0.08916
3397.31091	0.08972
3395.88287	0.09029
3394.45483	0.09086
3393.02678	0.09143
3391.59874	0.09201
3390.17070	0.09257
3388.74266	0.09313
3387.31462	0.09368
3385.88658	0.09424
3384.45853	0.09486
3383.03049	0.09555
3381.60245	0.09628
3380.17441	0.09702
3378.74637	0.09774
3377.31833	0.09842
3375.89029	0.09908
3374.46224	0.09979
3373.03420	0.10060
3371.60616	0.10149
3370.17812	0.10237
3368.75008	0.10322
3367.32204	0.10404
3365.89399	0.10483
3364.46595	0.10564
3363.03791	0.10654
3361.60987	0.10752
3360.18183	0.10854
3358.75379	0.10957
3357.32575	0.11064
3355.89770	0.11181
3354.46966	0.11306
3353.04162	0.11435
3351.61358	0.11562
3350.18554	0.11685
3348.75750	0.11808
3347.32945	0.11939
3345.90141	0.12080
3344.47337	0.12230
3343.04533	0.12386
3341.61729	0.12550
3340.18925	0.12723
3338.76120	0.12900
3337.33316	0.13072
3335.90512	0.13236
3334.47708	0.13401
3333.04904	0.13577
3331.62100	0.13772
3330.19296	0.13986
3328.76491	0.14214
3327.33687	0.14451
3325.90883	0.14687
3324.48079	0.14917
3323.05275	0.15143
3321.62471	0.15372
3320.19666	0.15615
3318.76862	0.15874
3317.34058	0.16142
3315.91254	0.16415
3314.48450	0.16694
3313.05646	0.16987
3311.62841	0.17293
3310.20037	0.17610
3308.77233	0.17935
3307.34429	0.18260
3305.91625	0.18581
3304.48821	0.18895
3303.06017	0.19210
3301.63212	0.19530
3300.20408	0.19866
3298.77604	0.20223
3297.34800	0.20594
3295.91996	0.20965
3294.49192	0.21327
3293.06387	0.21675
3291.63583	0.22006
3290.20779	0.22318
3288.77975	0.22612
3287.35171	0.22890
3285.92367	0.23148
3284.49562	0.23381
3283.06758	0.23588
3281.63954	0.23763
3280.21150	0.23898
3278.78346	0.23990
3277.35542	0.24042
3275.92738	0.24049
3274.49933	0.24004
3273.07129	0.23904
3271.64325	0.23754
3270.21521	0.23557
3268.78717	0.23314
3267.35913	0.23030
3265.93108	0.22716
3264.50304	0.22385
3263.07500	0.22048
3261.64696	0.21710
3260.21892	0.21381
3258.79088	0.21062
3257.36283	0.20748
3255.93479	0.20424
3254.50675	0.20082
3253.07871	0.19742
3251.65067	0.19428
3250.22263	0.19149
3248.79459	0.18896
3247.36654	0.18643
3245.93850	0.18369
3244.51046	0.18077
3243.08242	0.17790
3241.65438	0.17525
3240.22634	0.17282
3238.79829	0.17060
3237.37025	0.16865
3235.94221	0.16692
3234.51417	0.16520
3233.08613	0.16326
3231.65809	0.16103
3230.23004	0.15870
3228.80200	0.15650
3227.37396	0.15449
3225.94592	0.15261
3224.51788	0.15081
3223.08984	0.14907
3221.66180	0.14742
3220.23375	0.14583
3218.80571	0.14422
3217.37767	0.14258
3215.94963	0.14093
3214.52159	0.13927
3213.09355	0.13758
3211.66550	0.13592
3210.23746	0.13434
3208.80942	0.13286
3207.38138	0.13142
3205.95334	0.12996
3204.52530	0.12841
3203.09725	0.12683
3201.66921	0.12526
3200.24117	0.12368
3198.81313	0.12211
3197.38509	0.12057
3195.95705	0.11909
3194.52901	0.11767
3193.10096	0.11629
3191.67292	0.11489
3190.24488	0.11345
3188.81684	0.11197
3187.38880	0.11046
3185.96076	0.10898
3184.53271	0.10755
3183.10467	0.10620
3181.67663	0.10489
3180.24859	0.10358
3178.82055	0.10222
3177.39251	0.10083
3175.96446	0.09945
3174.53642	0.09814
3173.10838	0.09690
3171.68034	0.09570
3170.25230	0.09453
3168.82426	0.09336
3167.39622	0.09222
3165.96817	0.09111
3164.54013	0.09002
3163.11209	0.08894
3161.68405	0.08786
3160.25601	0.08685
3158.82797	0.08592
3157.39992	0.08508
3155.97188	0.08430
3154.54384	0.08356
3153.11580	0.08279
3151.68776	0.08194
3150.25972	0.08097
3148.83167	0.07998
3147.40363	0.07906
3145.97559	0.07827
3144.54755	0.07764
3143.11951	0.07717
3141.69147	0.07683
3140.26343	0.07651
3138.83538	0.07606
3137.40734	0.07542
3135.97930	0.07470
3134.55126	0.07409
3133.12322	0.07373
3131.69518	0.07356
3130.26713	0.07343
3128.83909	0.07322
3127.41105	0.07297
3125.98301	0.07280
3124.55497	0.07280
3123.12693	0.07295
3121.69888	0.07317
3120.27084	0.07338
3118.84280	0.07356
3117.41476	0.07371
3115.98672	0.07381
3114.55868	0.07389
3113.13064	0.07400
3111.70259	0.07423
3110.27455	0.07455
3108.84651	0.07482
3107.41847	0.07498
3105.99043	0.07512
3104.56239	0.07542
3103.13434	0.07599
3101.70630	0.07673
3100.27826	0.07739
3098.85022	0.07781
3097.42218	0.07807
3095.99414	0.07839
3094.56610	0.07895
3093.13805	0.07972
3091.71001	0.08054
3090.28197	0.08127
3088.85393	0.08188
3087.42589	0.08242
3085.99785	0.08295
3084.56980	0.08345
3083.14176	0.08389
3081.71372	0.08429
3080.28568	0.08463
3078.85764	0.08481
3077.42960	0.08474
3076.00155	0.08445
3074.57351	0.08408
3073.14547	0.08382
3071.71743	0.08371
3070.28939	0.08370
3068.86135	0.08364
3067.43331	0.08338
3066.00526	0.08282
3064.57722	0.08199
3063.14918	0.08102
3061.72114	0.08003
3060.29310	0.07917
3058.86506	0.07850
3057.43701	0.07788
3056.00897	0.07714
3054.58093	0.07625
3053.15289	0.07531
3051.72485	0.07436
3050.29681	0.07335
3048.86876	0.07229
3047.44072	0.07130
3046.01268	0.07043
3044.58464	0.06957
3043.15660	0.06859
3041.72856	0.06744
3040.30052	0.06617
3038.87247	0.06493
3037.44443	0.06394
3036.01639	0.06323
3034.58835	0.06261
3033.16031	0.06183
3031.73227	0.06083
3030.30422	0.05973
3028.87618	0.05870
3027.44814	0.05789
3026.02010	0.05728
3024.59206	0.05674
3023.16402	0.05620
3021.73597	0.05568
3020.30793	0.05528
3018.87989	0.05496
3017.45185	0.05467
3016.02381	0.05439
3014.59577	0.05406
3013.16773	0.05365
3011.73968	0.05311
3010.31164	0.05246
3008.88360	0.05186
3007.45556	0.05146
3006.02752	0.05135
3004.59948	0.05146
3003.17143	0.05170
3001.74339	0.05204
3000.31535	0.05253
2998.88731	0.05316
2997.45927	0.05382
2996.03123	0.05450
2994.60318	0.05526
2993.17514	0.05603
2991.74710	0.05668
2990.31906	0.05716
2988.89102	0.05760
2987.46298	0.05817
2986.03494	0.05887
2984.60689	0.05964
2983.17885	0.06038
2981.75081	0.06094
2980.32277	0.06120
2978.89473	0.06117
2977.46669	0.06094
2976.03864	0.06065
2974.61060	0.06033
2973.18256	0.05996
2971.75452	0.05954
2970.32648	0.05910
2968.89844	0.05868
2967.47039	0.05825
2966.04235	0.05780
2964.61431	0.05733
2963.18627	0.05681
2961.75823	0.05620
2960.33019	0.05558
2958.90215	0.05507
2957.47410	0.05477
2956.04606	0.05473
2954.61802	0.05491
2953.18998	0.05520
2951.76194	0.05555
2950.33390	0.05602
2948.90585	0.05670
2947.47781	0.05758
2946.04977	0.05852
2944.62173	0.05941
2943.19369	0.06020
2941.76565	0.06090
2940.33760	0.06157
2938.90956	0.06217
2937.48152	0.06266
2936.05348	0.06298
2934.62544	0.06314
2933.19740	0.06316
2931.76936	0.06301
2930.34131	0.06258
2928.91327	0.06178
2927.48523	0.06065
2926.05719	0.05935
2924.62915	0.05805
2923.20111	0.05684
2921.77306	0.05577
2920.34502	0.05483
2918.91698	0.05401
2917.48894	0.05322
2916.06090	0.05239
2914.63286	0.05150
2913.20481	0.05057
2911.77677	0.04962
2910.34873	0.04867
2908.92069	0.04775
2907.49265	0.04693
2906.06461	0.04627
2904.63657	0.04570
2903.20852	0.04518
2901.78048	0.04469
2900.35244	0.04431
2898.92440	0.04406
2897.49636	0.04390
2896.06832	0.04369
2894.64027	0.04339
2893.21223	0.04306
2891.78419	0.04279
2890.35615	0.04264
2888.92811	0.04259
2887.50007	0.04261
2886.07202	0.04269
2884.64398	0.04281
2883.21594	0.04296
2881.78790	0.04313
2880.35986	0.04330
2878.93182	0.04344
2877.50378	0.04357
2876.07573	0.04368
2874.64769	0.04365
2873.21965	0.04335
2871.79161	0.04272
2870.36357	0.04187
2868.93553	0.04100
2867.50748	0.04019
2866.07944	0.03945
2864.65140	0.03878
2863.22336	0.03824
2861.79532	0.03780
2860.36728	0.03740
2858.93924	0.03692
2857.51119	0.03640
2856.08315	0.03588
2854.65511	0.03540
2853.22707	0.03495
2851.79903	0.03455
2850.37099	0.03425
2848.94294	0.03400
2847.51490	0.03370
2846.08686	0.03331
2844.65882	0.03294
2843.23078	0.03272
2841.80274	0.03266
2840.37469	0.03266
2838.94665	0.03260
2837.51861	0.03243
2836.09057	0.03223
2834.66253	0.03205
2833.23449	0.03187
2831.80645	0.03168
2830.37840	0.03149
2828.95036	0.03132
2827.52232	0.03119
2826.09428	0.03113
2824.66624	0.03113
2823.23820	0.03112
2821.81015	0.03107
2820.38211	0.03098
2818.95407	0.03086
2817.52603	0.03072
2816.09799	0.03061
2814.66995	0.03054
2813.24190	0.03054
2811.81386	0.03057
2810.38582	0.03052
2808.95778	0.03034
2807.52974	0.03006
2806.10170	0.02979
2804.67366	0.02960
2803.24561	0.02950
2801.81757	0.02948
2800.38953	0.02950
2798.96149	0.02946
2797.53345	0.02930
2796.10541	0.02906
2794.67736	0.02883
2793.24932	0.02867
2791.82128	0.02858
2790.39324	0.02847
2788.96520	0.02824
2787.53716	0.02788
2786.10911	0.02746
2784.68107	0.02711
2783.25303	0.02685
2781.82499	0.02664
2780.39695	0.02644
2778.96891	0.02628
2777.54087	0.02619
2776.11282	0.02611
2774.68478	0.02594
2773.25674	0.02565
2771.82870	0.02529
2770.40066	0.02494
2768.97262	0.02466
2767.54457	0.02444
2766.11653	0.02423
2764.68849	0.02401
2763.26045	0.02378
2761.83241	0.02358
2760.40437	0.02341
2758.97632	0.02326
2757.54828	0.02309
2756.12024	0.02289
2754.69220	0.02268
2753.26416	0.02253
2751.83612	0.02245
2750.40808	0.02238
2748.98003	0.02223
2747.55199	0.02197
2746.12395	0.02166
2744.69591	0.02136
2743.26787	0.02111
2741.83983	0.02090
2740.41178	0.02074
2738.98374	0.02062
2737.55570	0.02050
2736.12766	0.02034
2734.69962	0.02014
2733.27158	0.01994
2731.84353	0.01978
2730.41549	0.01970
2728.98745	0.01971
2727.55941	0.01974
2726.13137	0.01971
2724.70333	0.01956
2723.27529	0.01933
2721.84724	0.01908
2720.41920	0.01886
2718.99116	0.01870
2717.56312	0.01858
2716.13508	0.01843
2714.70704	0.01825
2713.27899	0.01809
2711.85095	0.01799
2710.42291	0.01792
2708.99487	0.01783
2707.56683	0.01771
2706.13879	0.01758
2704.71074	0.01749
2703.28270	0.01741
2701.85466	0.01735
2700.42662	0.01729
2698.99858	0.01724
2697.57054	0.01716
2696.14250	0.01706
2694.71445	0.01693
2693.28641	0.01682
2691.85837	0.01673
2690.43033	0.01665
2689.00229	0.01658
2687.57425	0.01649
2686.14620	0.01641
2684.71816	0.01637
2683.29012	0.01640
2681.86208	0.01648
2680.43404	0.01652
2679.00600	0.01645
2677.57795	0.01628
2676.14991	0.01607
2674.72187	0.01590
2673.29383	0.01576
2671.86579	0.01564
2670.43775	0.01550
2669.00971	0.01537
2667.58166	0.01526
2666.15362	0.01517
2664.72558	0.01509
2663.29754	0.01502
2661.86950	0.01495
2660.44146	0.01489
2659.01341	0.01483
2657.58537	0.01476
2656.15733	0.01468
2654.72929	0.01460
2653.30125	0.01451
2651.87321	0.01441
2650.44516	0.01432
2649.01712	0.01425
2647.58908	0.01420
2646.16104	0.01415
2644.73300	0.01409
2643.30496	0.01402
2641.87692	0.01399
2640.44887	0.01399
2639.02083	0.01399
2637.59279	0.01395
2636.16475	0.01390
2634.73671	0.01384
2633.30867	0.01379
2631.88062	0.01373
2630.45258	0.01365
2629.02454	0.01359
2627.59650	0.01357
2626.16846	0.01354
2624.74042	0.01345
2623.31237	0.01333
2621.88433	0.01320
2620.45629	0.01312
2619.02825	0.01307
2617.60021	0.01302
2616.17217	0.01293
2614.74413	0.01280
2613.31608	0.01267
2611.88804	0.01257
2610.46000	0.01249
2609.03196	0.01242
2607.60392	0.01233
2606.17588	0.01224
2604.74783	0.01214
2603.31979	0.01206
2601.89175	0.01195
2600.46371	0.01181
2599.03567	0.01162
2597.60763	0.01143
2596.17959	0.01129
2594.75154	0.01121
2593.32350	0.01114
2591.89546	0.01104
2590.46742	0.01090
2589.03938	0.01073
2587.61134	0.01055
2586.18329	0.01039
2584.75525	0.01030
2583.32721	0.01027
2581.89917	0.01024
2580.47113	0.01016
2579.04309	0.01003
2577.61504	0.00989
2576.18700	0.00978
2574.75896	0.00970
2573.33092	0.00960
2571.90288	0.00946
2570.47484	0.00931
2569.04680	0.00917
2567.61875	0.00906
2566.19071	0.00897
2564.76267	0.00889
2563.33463	0.00880
2561.90659	0.00869
2560.47855	0.00858
2559.05050	0.00846
2557.62246	0.00836
2556.19442	0.00829
2554.76638	0.00823
2553.33834	0.00817
2551.91030	0.00810
2550.48225	0.00802
2549.05421	0.00793
2547.62617	0.00785
2546.19813	0.00779
2544.77009	0.00776
2543.34205	0.00771
2541.91401	0.00766
2540.48596	0.00761
2539.05792	0.00757
2537.62988	0.00752
2536.20184	0.00745
2534.77380	0.00738
2533.34576	0.00735
2531.91771	0.00731
2530.48967	0.00727
2529.06163	0.00723
2527.63359	0.00719
2526.20555	0.00715
2524.77751	0.00714
2523.34946	0.00718
2521.92142	0.00725
2520.49338	0.00728
2519.06534	0.00721
2517.63730	0.00707
2516.20926	0.00694
2514.78122	0.00688
2513.35317	0.00684
2511.92513	0.00680
2510.49709	0.00675
2509.06905	0.00669
2507.64101	0.00665
2506.21297	0.00663
2504.78492	0.00665
2503.35688	0.00670
2501.92884	0.00673
2500.50080	0.00671
2499.07276	0.00665
2497.64472	0.00657
2496.21667	0.00651
2494.78863	0.00644
2493.36059	0.00639
2491.93255	0.00636
2490.50451	0.00637
2489.07647	0.00636
2487.64843	0.00632
2486.22038	0.00624
2484.79234	0.00616
2483.36430	0.00609
2481.93626	0.00604
2480.50822	0.00599
2479.08018	0.00595
2477.65213	0.00589
2476.22409	0.00582
2474.79605	0.00576
2473.36801	0.00571
2471.93997	0.00567
2470.51193	0.00561
2469.08388	0.00554
2467.65584	0.00548
2466.22780	0.00546
2464.79976	0.00547
2463.37172	0.00545
2461.94368	0.00539
2460.51564	0.00533
2459.08759	0.00529
2457.65955	0.00528
2456.23151	0.00527
2454.80347	0.00525
2453.37543	0.00523
2451.94739	0.00523
2450.51934	0.00520
2449.09130	0.00514
2447.66326	0.00508
2446.23522	0.00506
2444.80718	0.00506
2443.37914	0.00506
2441.95109	0.00507
2440.52305	0.00509
2439.09501	0.00510
2437.66697	0.00510
2436.23893	0.00509
2434.81089	0.00509
2433.38285	0.00510
2431.95480	0.00510
2430.52676	0.00508
2429.09872	0.00506
2427.67068	0.00506
2426.24264	0.00508
2424.81460	0.00509
2423.38655	0.00509
2421.95851	0.00510
2420.53047	0.00513
2419.10243	0.00517
2417.67439	0.00516
2416.24635	0.00509
2414.81830	0.00500
2413.39026	0.00492
2411.96222	0.00490
2410.53418	0.00491
2409.10614	0.00493
2407.67810	0.00494
2406.25006	0.00496
2404.82201	0.00499
2403.39397	0.00500
2401.96593	0.00499
2400.53789	0.00496
2399.10985	0.00495
2397.68181	0.00495
2396.25376	0.00495
2394.82572	0.00492
2393.39768	0.00489
2391.96964	0.00490
2390.54160	0.00494
2389.11356	0.00501
2387.68551	0.00507
2386.25747	0.00507
2384.82943	0.00504
2383.40139	0.00502
2381.97335	0.00500
2380.54531	0.00496
2379.11727	0.00486
2377.68922	0.00470
2376.26118	0.00451
2374.83314	0.00429
2373.40510	0.00394
2371.97706	0.00338
2370.54902	0.00261
2369.12097	0.00168
2367.69293	0.00060
2366.26489	-0.00048
2364.83685	-0.00134
2363.40881	-0.00200
2361.98077	-0.00264
2360.55273	-0.00321
2359.12468	-0.00336
2357.69664	-0.00283
2356.26860	-0.00164
2354.84056	0.00000
2353.41252	0.00175
2351.98448	0.00317
2350.55643	0.00402
2349.12839	0.00427
2347.70035	0.00399
2346.27231	0.00323
2344.84427	0.00226
2343.41623	0.00152
2341.98818	0.00120
2340.56014	0.00119
2339.13210	0.00136
2337.70406	0.00160
2336.27602	0.00176
2334.84798	0.00180
2333.41994	0.00176
2331.99189	0.00180
2330.56385	0.00206
2329.13581	0.00247
2327.70777	0.00292
2326.27973	0.00334
2324.85169	0.00367
2323.42364	0.00387
2321.99560	0.00393
2320.56756	0.00396
2319.13952	0.00404
2317.71148	0.00419
2316.28344	0.00435
2314.85539	0.00447
2313.42735	0.00453
2311.99931	0.00457
2310.57127	0.00458
2309.14323	0.00459
2307.71519	0.00463
2306.28715	0.00469
2304.85910	0.00476
2303.43106	0.00482
2302.00302	0.00485
2300.57498	0.00484
2299.14694	0.00481
2297.71890	0.00480
2296.29085	0.00480
2294.86281	0.00478
2293.43477	0.00476
2292.00673	0.00479
2290.57869	0.00483
2289.15065	0.00484
2287.72260	0.00480
2286.29456	0.00472
2284.86652	0.00460
2283.43848	0.00445
2282.01044	0.00431
2280.58240	0.00418
2279.15436	0.00407
2277.72631	0.00401
2276.29827	0.00402
2274.87023	0.00405
2273.44219	0.00409
2272.01415	0.00410
2270.58611	0.00409
2269.15806	0.00403
2267.73002	0.00394
2266.30198	0.00387
2264.87394	0.00382
2263.44590	0.00377
2262.01786	0.00370
2260.58981	0.00361
2259.16177	0.00356
2257.73373	0.00357
2256.30569	0.00359
2254.87765	0.00354
2253.44961	0.00339
2252.02157	0.00328
2250.59352	0.00332
2249.16548	0.00346
2247.73744	0.00354
2246.30940	0.00348
2244.88136	0.00336
2243.45332	0.00325
2242.02527	0.00314
2240.59723	0.00302
2239.16919	0.00296
2237.74115	0.00296
2236.31311	0.00298
2234.88507	0.00296
2233.45702	0.00293
2232.02898	0.00293
2230.60094	0.00293
2229.17290	0.00289
2227.74486	0.00281
2226.31682	0.00269
2224.88878	0.00260
2223.46073	0.00255
2222.03269	0.00256
2220.60465	0.00260
2219.17661	0.00261
2217.74857	0.00260
2216.32053	0.00260
2214.89248	0.00264
2213.46444	0.00268
2212.03640	0.00264
2210.60836	0.00255
2209.18032	0.00250
2207.75228	0.00256
2206.32423	0.00267
2204.89619	0.00274
2203.46815	0.00280
2202.04011	0.00285
2200.61207	0.00288
2199.18403	0.00286
2197.75599	0.00282
2196.32794	0.00276
2194.89990	0.00270
2193.47186	0.00262
2192.04382	0.00255
2190.61578	0.00255
2189.18774	0.00259
2187.75969	0.00259
2186.33165	0.00241
2184.90361	0.00202
2183.47557	0.00156
2182.04753	0.00125
2180.61949	0.00118
2179.19144	0.00121
2177.76340	0.00116
2176.33536	0.00104
2174.90732	0.00094
2173.47928	0.00097
2172.05124	0.00113
2170.62320	0.00127
2169.19515	0.00116
2167.76711	0.00081
2166.33907	0.00044
2164.91103	0.00019
2163.48299	-0.00001
2162.05495	-0.00043
2160.62690	-0.00110
2159.19886	-0.00164
2157.77082	-0.00172
2156.34278	-0.00142
2154.91474	-0.00108
2153.48670	-0.00084
2152.05865	-0.00068
2150.63061	-0.00053
2149.20257	-0.00031
2147.77453	-0.00002
2146.34649	0.00028
2144.91845	0.00055
2143.49041	0.00079
2142.06236	0.00098
2140.63432	0.00113
2139.20628	0.00123
2137.77824	0.00128
2136.35020	0.00138
2134.92216	0.00157
2133.49411	0.00179
2132.06607	0.00196
2130.63803	0.00209
2129.20999	0.00226
2127.78195	0.00250
2126.35391	0.00275
2124.92586	0.00297
2123.49782	0.00313
2122.06978	0.00326
2120.64174	0.00336
2119.21370	0.00347
2117.78566	0.00357
2116.35762	0.00366
2114.92957	0.00372
2113.50153	0.00379
2112.07349	0.00384
2110.64545	0.00383
2109.21741	0.00377
2107.78937	0.00366
2106.36132	0.00354
2104.93328	0.00348
2103.50524	0.00352
2102.07720	0.00360
2100.64916	0.00368
2099.22112	0.00372
2097.79308	0.00368
2096.36503	0.00359
2094.93699	0.00350
2093.50895	0.00346
2092.08091	0.00351
2090.65287	0.00362
2089.22483	0.00375
2087.79678	0.00384
2086.36874	0.00386
2084.94070	0.00380
2083.51266	0.00367
2082.08462	0.00356
2080.65658	0.00352
2079.22853	0.00350
2077.80049	0.00347
2076.37245	0.00342
2074.94441	0.00340
2073.51637	0.00341
2072.08833	0.00341
2070.66029	0.00332
2069.23224	0.00315
2067.80420	0.00299
2066.37616	0.00291
2064.94812	0.00289
2063.52008	0.00290
2062.09204	0.00296
2060.66399	0.00307
2059.23595	0.00319
2057.80791	0.00319
2056.37987	0.00303
2054.95183	0.00284
2053.52379	0.00274
2052.09574	0.00268
2050.66770	0.00254
2049.23966	0.00229
2047.81162	0.00201
2046.38358	0.00181
2044.95554	0.00165
2043.52750	0.00146
2042.09945	0.00128
2040.67141	0.00119
2039.24337	0.00112
2037.81533	0.00095
2036.38729	0.00065
2034.95925	0.00028
2033.53120	-0.00001
2032.10316	-0.00014
2030.67512	-0.00012
2029.24708	-0.00002
2027.81904	0.00005
2026.39100	0.00001
2024.96295	-0.00016
2023.53491	-0.00032
2022.10687	-0.00035
2020.67883	-0.00022
2019.25079	-0.00006
2017.82275	0.00005
2016.39471	0.00014
2014.96666	0.00029
2013.53862	0.00044
2012.11058	0.00049
2010.68254	0.00042
2009.25450	0.00028
2007.82646	0.00021
2006.39841	0.00032
2004.97037	0.00059
2003.54233	0.00086
2002.11429	0.00099
2000.68625	0.00104
1999.25821	0.00111
1997.83016	0.00122
1996.40212	0.00130
1994.97408	0.00130
1993.54604	0.00120
1992.11800	0.00111
1990.68996	0.00109
1989.26192	0.00114
1987.83387	0.00120
1986.40583	0.00127
1984.97779	0.00136
1983.54975	0.00153
1982.12171	0.00176
1980.69367	0.00186
1979.26562	0.00170
1977.83758	0.00138
1976.40954	0.00117
1974.98150	0.00122
1973.55346	0.00142
1972.12542	0.00157
1970.69737	0.00157
1969.26933	0.00150
1967.84129	0.00148
1966.41325	0.00155
1964.98521	0.00163
1963.55717	0.00165
1962.12913	0.00164
1960.70108	0.00168
1959.27304	0.00180
1957.84500	0.00196
1956.41696	0.00207
1954.98892	0.00210
1953.56088	0.00208
1952.13283	0.00205
1950.70479	0.00208
1949.27675	0.00214
1947.84871	0.00221
1946.42067	0.00229
1944.99263	0.00240
1943.56458	0.00254
1942.13654	0.00272
1940.70850	0.00289
1939.28046	0.00298
1937.85242	0.00299
1936.42438	0.00300
1934.99634	0.00307
1933.56829	0.00317
1932.14025	0.00327
1930.71221	0.00334
1929.28417	0.00339
1927.85613	0.00341
1926.42809	0.00341
1925.00004	0.00342
1923.57200	0.00347
1922.14396	0.00356
1920.71592	0.00364
1919.28788	0.00368
1917.85984	0.00369
1916.43179	0.00368
1915.00375	0.00373
1913.57571	0.00382
1912.14767	0.00393
1910.71963	0.00399
1909.29159	0.00400
1907.86355	0.00401
1906.43550	0.00406
1905.00746	0.00415
1903.57942	0.00427
1902.15138	0.00437
1900.72334	0.00444
1899.29530	0.00446
1897.86725	0.00447
1896.43921	0.00450
1895.01117	0.00454
1893.58313	0.00457
1892.15509	0.00460
1890.72705	0.00464
1889.29900	0.00469
1887.87096	0.00476
1886.44292	0.00483
1885.01488	0.00489
1883.58684	0.00494
1882.15880	0.00497
1880.73076	0.00497
1879.30271	0.00495
1877.87467	0.00493
1876.44663	0.00493
1875.01859	0.00494
1873.59055	0.00493
1872.16251	0.00492
1870.73446	0.00496
1869.30642	0.00505
1867.87838	0.00513
1866.45034	0.00511
1865.02230	0.00510
1863.59426	0.00514
1862.16622	0.00522
1860.73817	0.00527
1859.31013	0.00530
1857.88209	0.00533
1856.45405	0.00536
1855.02601	0.00537
1853.59797	0.00533
1852.16992	0.00531
1850.74188	0.00536
1849.31384	0.00546
1847.88580	0.00558
1846.45776	0.00571
1845.02972	0.00582
1843.60167	0.00589
1842.17363	0.00593
1840.74559	0.00599
1839.31755	0.00606
1837.88951	0.00614
1836.46147	0.00622
1835.03343	0.00629
1833.60538	0.00636
1832.17734	0.00646
1830.74930	0.00657
1829.32126	0.00668
1827.89322	0.00675
1826.46518	0.00678
1825.03713	0.00682
1823.60909	0.00689
1822.18105	0.00694
1820.75301	0.00696
1819.32497	0.00698
1817.89693	0.00704
1816.46888	0.00714
1815.04084	0.00730
1813.61280	0.00749
1812.18476	0.00766
1810.75672	0.00778
1809.32868	0.00785
1807.90064	0.00791
1806.47259	0.00799
1805.04455	0.00812
1803.61651	0.00828
1802.18847	0.00844
1800.76043	0.00859
1799.33239	0.00870
1797.90434	0.00881
1796.47630	0.00895
1795.04826	0.00910
1793.62022	0.00925
1792.19218	0.00940
1790.76414	0.00946
1789.33609	0.00945
1787.90805	0.00948
1786.48001	0.00957
1785.05197	0.00969
1783.62393	0.00985
1782.19589	0.01000
1780.76785	0.01014
1779.33980	0.01028
1777.91176	0.01041
1776.48372	0.01054
1775.05568	0.01070
1773.62764	0.01089
1772.19960	0.01102
1770.77155	0.01111
1769.34351	0.01122
1767.91547	0.01133
1766.48743	0.01143
1765.05939	0.01153
1763.63135	0.01163
1762.20330	0.01178
1760.77526	0.01200
1759.34722	0.01223
1757.91918	0.01245
1756.49114	0.01267
1755.06310	0.01288
1753.63506	0.01310
1752.20701	0.01340
1750.77897	0.01376
1749.35093	0.01405
1747.92289	0.01424
1746.49485	0.01441
1745.06681	0.01461
1743.63876	0.01486
1742.21072	0.01517
1740.78268	0.01551
1739.35464	0.01586
1737.92660	0.01620
1736.49856	0.01651
1735.07051	0.01698
1733.64247	0.01771
1732.21443	0.01834
1730.78639	0.01876
1729.35835	0.01918
1727.93031	0.01964
1726.50227	0.02017
1725.07422	0.02088
1723.64618	0.02175
1722.21814	0.02262
1720.79010	0.02348
1719.36206	0.02457
1717.93402	0.02651
1716.50597	0.02959
1715.07793	0.03254
1713.64989	0.03495
1712.22185	0.03756
1710.79381	0.04083
1709.36577	0.04494
1707.93772	0.05076
1706.50968	0.05997
1705.08164	0.07195
1703.65360	0.08285
1702.22556	0.09156
1700.79752	0.10019
1699.36948	0.10874
1697.94143	0.11423
1696.51339	0.11710
1695.08535	0.11945
1693.65731	0.12166
1692.22927	0.12398
1690.80123	0.12716
1689.37318	0.13130
1687.94514	0.13548
1686.51710	0.13967
1685.08906	0.14640
1683.66102	0.15657
1682.23298	0.16480
1680.80493	0.17035
1679.37689	0.17532
1677.94885	0.18068
1676.52081	0.18748
1675.09277	0.19614
1673.66473	0.20468
1672.23669	0.21207
1670.80864	0.22105
1669.38060	0.23336
1667.95256	0.24434
1666.52452	0.25178
1665.09648	0.25876
1663.66844	0.26865
1662.24039	0.28191
1660.81235	0.29456
1659.38431	0.30452
1657.95627	0.31290
1656.52823	0.32068
1655.10019	0.33002
1653.67214	0.34665
1652.24410	0.36468
1650.81606	0.37203
1649.38802	0.37552
1647.95998	0.38117
1646.53194	0.38973
1645.10390	0.39618
1643.67585	0.39987
1642.24781	0.40316
1640.81977	0.40682
1639.39173	0.41081
1637.96369	0.41615
1636.53565	0.42623
1635.10760	0.44045
1633.67956	0.45164
1632.25152	0.46038
1630.82348	0.47047
1629.39544	0.48460
1627.96740	0.50297
1626.53935	0.52236
1625.11131	0.54125
1623.68327	0.56105
1622.25523	0.57800
1620.82719	0.58654
1619.39915	0.58685
1617.97111	0.57709
1616.54306	0.55368
1615.11502	0.52639
1613.68698	0.50373
1612.25894	0.48170
1610.83090	0.45596
1609.40286	0.42594
1607.97481	0.39484
1606.54677	0.36650
1605.11873	0.34162
1603.69069	0.31883
1602.26265	0.29781
1600.83461	0.27976
1599.40657	0.26522
1597.97852	0.25319
1596.55048	0.24222
1595.12244	0.23167
1593.69440	0.22189
1592.26636	0.21326
1590.83832	0.20570
1589.41027	0.19917
1587.98223	0.19387
1586.55419	0.18987
1585.12615	0.18712
1583.69811	0.18553
1582.27007	0.18497
1580.84202	0.18526
1579.41398	0.18627
1577.98594	0.18844
1576.55790	0.19289
1575.12986	0.19852
1573.70182	0.20277
1572.27378	0.20651
1570.84573	0.21224
1569.41769	0.22098
1567.98965	0.22992
1566.56161	0.23747
1565.13357	0.24500
1563.70553	0.25245
1562.27748	0.25869
1560.84944	0.26520
1559.42140	0.27927
1557.99336	0.30084
1556.56532	0.31277
1555.13728	0.31999
1553.70923	0.32752
1552.28119	0.33553
1550.85315	0.34441
1549.42511	0.35391
1547.99707	0.36252
1546.56903	0.37004
1545.14099	0.37823
1543.71294	0.38868
1542.28490	0.40220
1540.85686	0.42164
1539.42882	0.43979
1538.00078	0.44830
1536.57274	0.45326
1535.14469	0.46008
1533.71665	0.47148
1532.28861	0.48400
1530.86057	0.49263
1529.43253	0.49906
1528.00449	0.50640
1526.57644	0.51499
1525.14840	0.52290
1523.72036	0.53004
1522.29232	0.53826
1520.86428	0.54702
1519.43624	0.55433
1518.00820	0.56118
1516.58015	0.56822
1515.15211	0.57284
1513.72407	0.57307
1512.29603	0.57003
1510.86799	0.56568
1509.43995	0.55949
1508.01190	0.54192
1506.58386	0.50803
1505.15582	0.48530
1503.72778	0.47295
1502.29974	0.46175
1500.87170	0.44857
1499.44365	0.43182
1498.01561	0.41000
1496.58757	0.38597
1495.15953	0.36715
1493.73149	0.35458
1492.30345	0.34387
1490.87541	0.32981
1489.44736	0.30985
1488.01932	0.29059
1486.59128	0.27730
1485.16324	0.26760
1483.73520	0.25907
1482.30716	0.25053
1480.87911	0.24217
1479.45107	0.23512
1478.02303	0.22961
1476.59499	0.22494
1475.16695	0.22061
1473.73891	0.21637
1472.31086	0.21250
1470.88282	0.21011
1469.45478	0.20902
1468.02674	0.20854
1466.59870	0.20860
1465.17066	0.20955
1463.74262	0.21130
1462.31457	0.21323
1460.88653	0.21529
1459.45849	0.21851
1458.03045	0.22607
1456.60241	0.23833
1455.17437	0.24695
1453.74632	0.25196
1452.31828	0.25628
1450.89024	0.26047
1449.46220	0.26416
1448.03416	0.26682
1446.60612	0.26786
1445.17807	0.26727
1443.75003	0.26551
1442.32199	0.26300
1440.89395	0.26007
1439.46591	0.25660
1438.03787	0.25128
1436.60983	0.24279
1435.18178	0.23358
1433.75374	0.22647
1432.32570	0.22053
1430.89766	0.21455
1429.46962	0.20903
1428.04158	0.20512
1426.61353	0.20291
1425.18549	0.20193
1423.75745	0.20188
1422.32941	0.20258
1420.90137	0.20421
1419.47333	0.20741
1418.04528	0.21190
1416.61724	0.21587
1415.18920	0.21889
1413.76116	0.22153
1412.33312	0.22392
1410.90508	0.22571
1409.47704	0.22657
1408.04899	0.22646
1406.62095	0.22543
1405.19291	0.22350
1403.76487	0.22111
1402.33683	0.21885
1400.90879	0.21674
1399.48074	0.21462
1398.05270	0.21273
1396.62466	0.21150
1395.19662	0.21102
1393.76858	0.21111
1392.34054	0.21155
1390.91249	0.21215
1389.48445	0.21285
1388.05641	0.21349
1386.62837	0.21371
1385.20033	0.21335
1383.77229	0.21265
1382.34425	0.21180
1380.91620	0.21086
1379.48816	0.20990
1378.06012	0.20894
1376.63208	0.20795
1375.20404	0.20677
1373.77600	0.20531
1372.34795	0.20373
1370.91991	0.20201
1369.49187	0.19978
1368.06383	0.19690
1366.63579	0.19361
1365.20775	0.18996
1363.77971	0.18545
1362.35166	0.18012
1360.92362	0.17527
1359.49558	0.17169
1358.06754	0.16902
1356.63950	0.16682
1355.21146	0.16503
1353.78341	0.16380
1352.35537	0.16322
1350.92733	0.16330
1349.49929	0.16401
1348.07125	0.16530
1346.64321	0.16707
1345.21516	0.16927
1343.78712	0.17180
1342.35908	0.17469
1340.93104	0.17833
1339.50300	0.18276
1338.07496	0.18694
1336.64692	0.18974
1335.21887	0.19105
1333.79083	0.19108
1332.36279	0.18990
1330.93475	0.18764
1329.50671	0.18454
1328.07867	0.18097
1326.65062	0.17732
1325.22258	0.17387
1323.79454	0.17082
1322.36650	0.16831
1320.93846	0.16634
1319.51042	0.16483
1318.08237	0.16371
1316.65433	0.16295
1315.22629	0.16246
1313.79825	0.16219
1312.37021	0.16207
1310.94217	0.16202
1309.51413	0.16203
1308.08608	0.16206
1306.65804	0.16210
1305.23000	0.16213
1303.80196	0.16214
1302.37392	0.16216
1300.94588	0.16221
1299.51783	0.16233
1298.08979	0.16251
1296.66175	0.16277
1295.23371	0.16312
1293.80567	0.16362
1292.37763	0.16431
1290.94958	0.16521
1289.52154	0.16631
1288.09350	0.16759
1286.66546	0.16906
1285.23742	0.17072
1283.80938	0.17262
1282.38134	0.17485
1280.95329	0.17749
1279.52525	0.18059
1278.09721	0.18418
1276.66917	0.18826
1275.24113	0.19281
1273.81309	0.19782
1272.38504	0.20321
1270.95700	0.20876
1269.52896	0.21416
1268.10092	0.21917
1266.67288	0.22363
1265.24484	0.22742
1263.81679	0.23048
1262.38875	0.23290
1260.96071	0.23483
1259.53267	0.23649
1258.10463	0.23805
1256.67659	0.23976
1255.24855	0.24181
1253.82050	0.24435
1252.39246	0.24739
1250.96442	0.25092
1249.53638	0.25490
1248.10834	0.25931
1246.68030	0.26411
1245.25225	0.26922
1243.82421	0.27453
1242.39617	0.27985
1240.96813	0.28499
1239.54009	0.28985
1238.11205	0.29433
1236.68400	0.29833
1235.25596	0.30167
1233.82792	0.30412
1232.39988	0.30543
1230.97184	0.30539
1229.54380	0.30393
1228.11576	0.30110
1226.68771	0.29704
1225.25967	0.29193
1223.83163	0.28604
1222.40359	0.27957
1220.97555	0.27266
1219.54751	0.26535
1218.11946	0.25764
1216.69142	0.24958
1215.26338	0.24124
1213.83534	0.23270
1212.40730	0.22411
1210.97926	0.21565
1209.55121	0.20747
1208.12317	0.19964
1206.69513	0.19219
1205.26709	0.18514
1203.83905	0.17851
1202.41101	0.17234
1200.98297	0.16667
1199.55492	0.16153
1198.12688	0.15695
1196.69884	0.15296
1195.27080	0.14959
1193.84276	0.14679
1192.41472	0.14451
1190.98667	0.14266
1189.55863	0.14118
1188.13059	0.14004
1186.70255	0.13928
1185.27451	0.13895
1183.84647	0.13913
1182.41842	0.13997
1180.99038	0.14164
1179.56234	0.14424
1178.13430	0.14771
1176.70626	0.15184
1175.27822	0.15626
1173.85018	0.16049
1172.42213	0.16409
1170.99409	0.16678
1169.56605	0.16853
1168.13801	0.16948
1166.70997	0.16980
1165.28193	0.16962
1163.85388	0.16896
1162.42584	0.16782
1160.99780	0.16621
1159.56976	0.16414
1158.14172	0.16165
1156.71368	0.15878
1155.28563	0.15563
1153.85759	0.15224
1152.42955	0.14868
1151.00151	0.14501
1149.57347	0.14136
1148.14543	0.13783
1146.71739	0.13450
1145.28934	0.13141
1143.86130	0.12856
1142.43326	0.12593
1141.00522	0.12354
1139.57718	0.12144
1138.14914	0.11961
1136.72109	0.11803
1135.29305	0.11666
1133.86501	0.11547
1132.43697	0.11444
1131.00893	0.11352
1129.58089	0.11270
1128.15284	0.11200
1126.72480	0.11144
1125.29676	0.11100
1123.86872	0.11062
1122.44068	0.11027
1121.01264	0.10992
1119.58460	0.10963
1118.15655	0.10942
1116.72851	0.10930
1115.30047	0.10927
1113.87243	0.10934
1112.44439	0.10958
1111.01635	0.11006
1109.58830	0.11080
1108.16026	0.11171
1106.73222	0.11263
1105.30418	0.11336
1103.87614	0.11372
1102.44810	0.11362
1101.02006	0.11310
1099.59201	0.11231
1098.16397	0.11147
1096.73593	0.11082
1095.30789	0.11054
1093.87985	0.11076
1092.45181	0.11153
1091.02376	0.11285
1089.59572	0.11473
1088.16768	0.11716
1086.73964	0.12009
1085.31160	0.12343
1083.88356	0.12707
1082.45551	0.13090
1081.02747	0.13480
1079.59943	0.13867
1078.17139	0.14243
1076.74335	0.14598
1075.31531	0.14924
1073.88727	0.15211
1072.45922	0.15454
1071.03118	0.15648
1069.60314	0.15789
1068.17510	0.15882
1066.74706	0.15942
1065.31902	0.15996
1063.89097	0.16070
1062.46293	0.16170
1061.03489	0.16285
1059.60685	0.16381
1058.17881	0.16418
1056.75077	0.16361
1055.32272	0.16202
1053.89468	0.15961
1052.46664	0.15674
1051.03860	0.15378
1049.61056	0.15095
1048.18252	0.14834
1046.75448	0.14591
1045.32643	0.14360
1043.89839	0.14137
1042.47035	0.13921
1041.04231	0.13712
1039.61427	0.13511
1038.18623	0.13319
1036.75818	0.13138
1035.33014	0.12968
1033.90210	0.12810
1032.47406	0.12661
1031.04602	0.12516
1029.61798	0.12368
1028.18993	0.12216
1026.76189	0.12073
1025.33385	0.11966
1023.90581	0.11933
1022.47777	0.12006
1021.04973	0.12193
1019.62169	0.12461
1018.19364	0.12747
1016.76560	0.12979
1015.33756	0.13101
1013.90952	0.13095
1012.48148	0.12985
1011.05344	0.12815
1009.62539	0.12635
1008.19735	0.12477
1006.76931	0.12362
1005.34127	0.12294
1003.91323	0.12264
1002.48519	0.12251
1001.05714	0.12231
999.62910	0.12178
998.20106	0.12077
996.77302	0.11920
995.34498	0.11702
993.91694	0.11424
992.48890	0.11096
991.06085	0.10744
989.63281	0.10404
988.20477	0.10120
986.77673	0.09923
985.34869	0.09829
983.92065	0.09829
982.49260	0.09910
981.06456	0.10047
979.63652	0.10208
978.20848	0.10353
976.78044	0.10447
975.35240	0.10472
973.92435	0.10424
972.49631	0.10311
971.06827	0.10154
969.64023	0.09980
968.21219	0.09814
966.78415	0.09674
965.35611	0.09563
963.92806	0.09477
962.50002	0.09407
961.07198	0.09348
959.64394	0.09299
958.21590	0.09263
956.78786	0.09235
955.35981	0.09207
953.93177	0.09175
952.50373	0.09138
951.07569	0.09100
949.64765	0.09065
948.21961	0.09033
946.79156	0.09002
945.36352	0.08968
943.93548	0.08929
942.50744	0.08889
941.07940	0.08850
939.65136	0.08817
938.22332	0.08788
936.79527	0.08765
935.36723	0.08749
933.93919	0.08743
932.51115	0.08745
931.08311	0.08747
929.65507	0.08736
928.22702	0.08702
926.79898	0.08643
925.37094	0.08559
923.94290	0.08448
922.51486	0.08313
921.08682	0.08161
919.65877	0.08007
918.23073	0.07865
916.80269	0.07737
915.37465	0.07621
913.94661	0.07514
912.51857	0.07422
911.09053	0.07345
909.66248	0.07277
908.23444	0.07216
906.80640	0.07167
905.37836	0.07134
903.95032	0.07114
902.52228	0.07102
901.09423	0.07095
899.66619	0.07090
898.23815	0.07086
896.81011	0.07081
895.38207	0.07072
893.95403	0.07060
892.52598	0.07051
891.09794	0.07049
889.66990	0.07055
888.24186	0.07065
886.81382	0.07077
885.38578	0.07092
883.95774	0.07108
882.52969	0.07124
881.10165	0.07140
879.67361	0.07155
878.24557	0.07170
876.81753	0.07186
875.38949	0.07205
873.96144	0.07226
872.53340	0.07254
871.10536	0.07293
869.67732	0.07347
868.24928	0.07418
866.82124	0.07507
865.39320	0.07616
863.96515	0.07744
862.53711	0.07889
861.10907	0.08048
859.68103	0.08222
858.25299	0.08411
856.82495	0.08606
855.39690	0.08793
853.96886	0.08955
852.54082	0.09078
851.11278	0.09148
849.68474	0.09165
848.25670	0.09146
846.82865	0.09123
845.40061	0.09119
843.97257	0.09150
842.54453	0.09218
841.11649	0.09321
839.68845	0.09456
838.26041	0.09615
836.83236	0.09789
835.40432	0.09962
833.97628	0.10127
832.54824	0.10280
831.12020	0.10417
829.69216	0.10524
828.26411	0.10593
826.83607	0.10621
825.40803	0.10621
823.97999	0.10609
822.55195	0.10595
821.12391	0.10586
819.69586	0.10588
818.26782	0.10607
816.83978	0.10648
815.41174	0.10707
813.98370	0.10779
812.55566	0.10855
811.12762	0.10931
809.69957	0.11007
808.27153	0.11083
806.84349	0.11157
805.41545	0.11226
803.98741	0.11290
802.55937	0.11346
801.13132	0.11395
799.70328	0.11441
798.27524	0.11493
796.84720	0.11556
795.41916	0.11635
793.99112	0.11732
792.56307	0.11849
791.13503	0.11980
789.70699	0.12122
788.27895	0.12272
786.85091	0.12431
785.42287	0.12596
783.99483	0.12763
782.56678	0.12929
781.13874	0.13099
779.71070	0.13279
778.28266	0.13470
776.85462	0.13672
775.42658	0.13884
773.99853	0.14098
772.57049	0.14308
771.14245	0.14514
769.71441	0.14715
768.28637	0.14911
766.85833	0.15096
765.43028	0.15265
764.00224	0.15419
762.57420	0.15567
761.14616	0.15717
759.71812	0.15876
758.29008	0.16044
756.86204	0.16225
755.43399	0.16423
754.00595	0.16636
752.57791	0.16861
751.14987	0.17093
749.72183	0.17335
748.29379	0.17590
746.86574	0.17855
745.43770	0.18132
744.00966	0.18420
742.58162	0.18722
741.15358	0.19035
739.72554	0.19357
738.29749	0.19684
736.86945	0.20016
735.44141	0.20353
734.01337	0.20694
732.58533	0.21037
731.15729	0.21381
729.72925	0.21725
728.30120	0.22059
726.87316	0.22378
725.44512	0.22683
724.01708	0.22976
722.58904	0.23264
721.16100	0.23552
719.73295	0.23832
718.30491	0.24096
716.87687	0.24350
715.44883	0.24608
714.02079	0.24880
712.59275	0.25169
711.16470	0.25468
709.73666	0.25774
708.30862	0.26087
706.88058	0.26411
705.45254	0.26747
704.02450	0.27088
702.59646	0.27420
701.16841	0.27736
699.74037	0.28034
698.31233	0.28308
696.88429	0.28556
695.45625	0.28781
694.02821	0.28994
692.60016	0.29200
691.17212	0.29401
689.74408	0.29596
688.31604	0.29779
686.88800	0.29943
685.45996	0.30091
684.03191	0.30231
682.60387	0.30370
681.17583	0.30502
679.74779	0.30621
678.31975	0.30725
676.89171	0.30816
675.46367	0.30897
674.03562	0.30966
672.60758	0.31028
671.17954	0.31094
669.75150	0.31194
668.32346	0.31352
666.89542	0.31504
665.46737	0.31605
664.03933	0.31692
662.61129	0.31790
661.18325	0.31903
659.75521	0.32023
658.32717	0.32152
656.89912	0.32293
655.47108	0.32450
654.04304	0.32620
652.61500	0.32791
651.18696	0.32955
649.75892	0.33110
648.33088	0.33253
646.90283	0.33374
645.47479	0.33473
644.04675	0.33566
642.61871	0.33662
641.19067	0.33753
639.76263	0.33830
638.33458	0.33896
636.90654	0.33960
635.47850	0.34025
634.05046	0.34087
632.62242	0.34146
631.19438	0.34204
629.76633	0.34260
628.33829	0.34310
626.91025	0.34346
625.48221	0.34367
624.05417	0.34383
622.62613	0.34406
621.19809	0.34446
619.77004	0.34505
618.34200	0.34582
616.91396	0.34672
615.48592	0.34775
614.05788	0.34886
612.62984	0.34986
611.20179	0.35051
609.77375	0.35066
608.34571	0.35036
606.91767	0.34967
605.48963	0.34867
604.06159	0.34740
602.63355	0.34595
601.20550	0.34443
599.77746	0.34297
598.34942	0.34170
596.92138	0.34067
595.49334	0.33981
594.06530	0.33902
592.63725	0.33836
591.20921	0.33798
589.78117	0.33791
588.35313	0.33802
586.92509	0.33819
585.49705	0.33844
584.06900	0.33883
582.64096	0.33938
581.21292	0.34008
579.78488	0.34096
578.35684	0.34213
576.92880	0.34363
575.50076	0.34534
574.07271	0.34699
572.64467	0.34841
571.21663	0.34978
569.78859	0.35144
568.36055	0.35368
566.93251	0.35663
565.50446	0.36027
564.07642	0.36449
562.64838	0.36909
561.22034	0.37396
559.79230	0.37911
558.36426	0.38470
556.93621	0.39074
555.50817	0.39699
554.08013	0.40302
552.65209	0.40841
551.22405	0.41290
549.79601	0.41647
548.36797	0.41918
546.93992	0.42106
545.51188	0.42206
544.08384	0.42211
542.65580	0.42141
541.22776	0.42025
539.79972	0.41878
538.37167	0.41698
536.94363	0.41484
535.51559	0.41250
534.08755	0.41019
532.65951	0.40813
531.23147	0.40635
529.80342	0.40474
528.37538	0.40310
526.94734	0.40134
525.51930	0.39967
524.09126	0.39839
522.66322	0.39746
521.23518	0.39664
519.80713	0.39587
518.37909	0.39523
516.95105	0.39474
515.52301	0.39425
514.09497	0.39362
512.66693	0.39291
511.23888	0.39223
509.81084	0.39164
508.38280	0.39108
506.95476	0.39054
505.52672	0.39012
504.09868	0.38966
502.67063	0.38887
501.24259	0.38764
499.81455	0.38633
498.38651	0.38534
496.95847	0.38485
495.53043	0.38476
494.10239	0.38490
492.67434	0.38521
491.24630	0.38559
489.81826	0.38568
488.39022	0.38513
486.96218	0.38394
485.53414	0.38242
484.10609	0.38100
482.67805	0.37985
481.25001	0.37873
479.82197	0.37733
478.39393	0.37573
476.96589	0.37419
475.53784	0.37279
474.10980	0.37137
472.68176	0.36976
471.25372	0.36813
469.82568	0.36685
468.39764	0.36598
466.96960	0.36526
465.54155	0.36436
464.11351	0.36321
462.68547	0.36201
461.25743	0.36092
459.82939	0.35987
458.40135	0.35869
456.97330	0.35746
455.54526	0.35651
454.11722	0.35594
452.68918	0.35554
451.26114	0.35492
449.83310	0.35390
448.40505	0.35283
446.97701	0.35220
445.54897	0.35209
444.12093	0.35200
442.69289	0.35153
441.26485	0.35082
439.83681	0.35023
438.40876	0.34985
436.98072	0.34965
435.55268	0.34979
434.12464	0.35054
432.69660	0.35211
431.26856	0.35446
429.84051	0.35719
428.41247	0.35970
426.98443	0.36157
425.55639	0.36255
424.12835	0.36246
422.70031	0.36150
421.27226	0.36016
419.84422	0.35877
418.41618	0.35766
416.98814	0.35712
415.56010	0.35692
414.13206	0.35675
412.70402	0.35635
411.27597	0.35561
409.84793	0.35472
408.41989	0.35374
406.99185	0.35230
405.56381	0.35003
404.13577	0.34717
402.70772	0.34421
401.27968	0.34135
399.85164	0.33848
