3998.51641	0.00348
3997.08837	0.00348
3995.66033	0.00351
3994.23229	0.00353
3992.80425	0.00354
3991.37620	0.00353
3989.94816	0.00352
3988.52012	0.00350
3987.09208	0.00348
3985.66404	0.00345
3984.23600	0.00344
3982.80796	0.00343
3981.37991	0.00342
3979.95187	0.00343
3978.52383	0.00348
3977.09579	0.00354
3975.66775	0.00356
3974.23971	0.00353
3972.81166	0.00346
3971.38362	0.00339
3969.95558	0.00337
3968.52754	0.00339
3967.09950	0.00345
3965.67146	0.00350
3964.24341	0.00352
3962.81537	0.00348
3961.38733	0.00342
3959.95929	0.00340
3958.53125	0.00344
3957.10321	0.00349
3955.67517	0.00348
3954.24712	0.00342
3952.81908	0.00334
3951.39104	0.00327
3949.96300	0.00322
3948.53496	0.00320
3947.10692	0.00324
3945.67887	0.00330
3944.25083	0.00333
3942.82279	0.00331
3941.39475	0.00326
3939.96671	0.00321
3938.53867	0.00318
3937.11062	0.00317
3935.68258	0.00317
3934.25454	0.00319
3932.82650	0.00321
3931.39846	0.00322
3929.97042	0.00322
3928.54238	0.00323
3927.11433	0.00326
3925.68629	0.00326
3924.25825	0.00320
3922.83021	0.00312
3921.40217	0.00307
3919.97413	0.00305
3918.54608	0.00303
3917.11804	0.00302
3915.69000	0.00304
3914.26196	0.00308
3912.83392	0.00312
3911.40588	0.00313
3909.97783	0.00312
3908.54979	0.00310
3907.12175	0.00305
3905.69371	0.00296
3904.26567	0.00284
3902.83763	0.00277
3901.40959	0.00278
3899.98154	0.00284
3898.55350	0.00290
3897.12546	0.00297
3895.69742	0.00303
3894.26938	0.00306
3892.84134	0.00302
3891.41329	0.00293
3889.98525	0.00289
3888.55721	0.00288
3887.12917	0.00286
3885.70113	0.00280
3884.27309	0.00276
3882.84504	0.00277
3881.41700	0.00282
3879.98896	0.00285
3878.56092	0.00287
3877.13288	0.00288
3875.70484	0.00285
3874.27680	0.00277
3872.84875	0.00266
3871.42071	0.00259
3869.99267	0.00257
3868.56463	0.00256
3867.13659	0.00257
3865.70855	0.00258
3864.28050	0.00258
3862.85246	0.00258
3861.42442	0.00258
3859.99638	0.00258
3858.56834	0.00259
3857.14030	0.00257
3855.71226	0.00242
3854.28421	0.00212
3852.85617	0.00201
3851.42813	0.00223
3850.00009	0.00246
3848.57205	0.00259
3847.14401	0.00264
3845.71596	0.00261
3844.28792	0.00253
3842.85988	0.00243
3841.43184	0.00234
3840.00380	0.00226
3838.57576	0.00222
3837.14771	0.00223
3835.71967	0.00224
3834.29163	0.00226
3832.86359	0.00230
3831.43555	0.00234
3830.00751	0.00238
3828.57947	0.00241
3827.15142	0.00244
3825.72338	0.00250
3824.29534	0.00256
3822.86730	0.00259
3821.43926	0.00254
3820.01122	0.00243
3818.58317	0.00233
3817.15513	0.00227
3815.72709	0.00228
3814.29905	0.00236
3812.87101	0.00245
3811.44297	0.00252
3810.01492	0.00257
3808.58688	0.00259
3807.15884	0.00256
3805.73080	0.00250
3804.30276	0.00242
3802.87472	0.00234
3801.44668	0.00228
3800.01863	0.00229
3798.59059	0.00234
3797.16255	0.00241
3795.73451	0.00247
3794.30647	0.00253
3792.87843	0.00255
3791.45038	0.00256
3790.02234	0.00256
3788.59430	0.00257
3787.16626	0.00256
3785.73822	0.00253
3784.31018	0.00250
3782.88213	0.00252
3781.45409	0.00257
3780.02605	0.00260
3778.59801	0.00263
3777.16997	0.00264
3775.74193	0.00264
3774.31389	0.00262
3772.88584	0.00259
3771.45780	0.00256
3770.02976	0.00253
3768.60172	0.00253
3767.17368	0.00253
3765.74564	0.00254
3764.31759	0.00254
3762.88955	0.00254
3761.46151	0.00255
3760.03347	0.00256
3758.60543	0.00261
3757.17739	0.00264
3755.74934	0.00264
3754.32130	0.00259
3752.89326	0.00246
3751.46522	0.00227
3750.03718	0.00212
3748.60914	0.00210
3747.18110	0.00214
3745.75305	0.00227
3744.32501	0.00249
3742.89697	0.00270
3741.46893	0.00281
3740.04089	0.00284
3738.61285	0.00278
3737.18480	0.00268
3735.75676	0.00265
3734.32872	0.00278
3732.90068	0.00289
3731.47264	0.00290
3730.04460	0.00285
3728.61655	0.00280
3727.18851	0.00276
3725.76047	0.00281
3724.33243	0.00291
3722.90439	0.00297
3721.47635	0.00296
3720.04831	0.00294
3718.62026	0.00297
3717.19222	0.00303
3715.76418	0.00309
3714.33614	0.00315
3712.90810	0.00317
3711.48006	0.00316
3710.05201	0.00315
3708.62397	0.00317
3707.19593	0.00324
3705.76789	0.00335
3704.33985	0.00348
3702.91181	0.00362
3701.48376	0.00377
3700.05572	0.00389
3698.62768	0.00397
3697.19964	0.00405
3695.77160	0.00410
3694.34356	0.00411
3692.91552	0.00407
3691.48747	0.00405
3690.05943	0.00416
3688.63139	0.00443
3687.20335	0.00468
3685.77531	0.00487
3684.34727	0.00503
3682.91922	0.00521
3681.49118	0.00540
3680.06314	0.00559
3678.63510	0.00575
3677.20706	0.00591
3675.77902	0.00616
3674.35097	0.00650
3672.92293	0.00676
3671.49489	0.00698
3670.06685	0.00725
3668.63881	0.00756
3667.21077	0.00787
3665.78273	0.00821
3664.35468	0.00860
3662.92664	0.00902
3661.49860	0.00938
3660.07056	0.00968
3658.64252	0.01000
3657.21448	0.01040
3655.78643	0.01084
3654.35839	0.01111
3652.93035	0.01123
3651.50231	0.01136
3650.07427	0.01191
3648.64623	0.01310
3647.21818	0.01405
3645.79014	0.01455
3644.36210	0.01492
3642.93406	0.01531
3641.50602	0.01572
3640.07798	0.01616
3638.64994	0.01664
3637.22189	0.01716
3635.79385	0.01770
3634.36581	0.01822
3632.93777	0.01866
3631.50973	0.01909
3630.08169	0.01975
3628.65364	0.02078
3627.22560	0.02164
3625.79756	0.02217
3624.36952	0.02261
3622.94148	0.02308
3621.51344	0.02363
3620.08539	0.02433
3618.65735	0.02505
3617.22931	0.02562
3615.80127	0.02612
3614.37323	0.02670
3612.94519	0.02734
3611.51715	0.02790
3610.08910	0.02843
3608.66106	0.02910
3607.23302	0.02992
3605.80498	0.03065
3604.37694	0.03124
3602.94890	0.03181
3601.52085	0.03244
3600.09281	0.03307
3598.66477	0.03364
3597.23673	0.03422
3595.80869	0.03493
3594.38065	0.03577
3592.95261	0.03654
3591.52456	0.03712
3590.09652	0.03765
3588.66848	0.03841
3587.24044	0.03951
3585.81240	0.04051
3584.38436	0.04122
3582.95631	0.04183
3581.52827	0.04251
3580.10023	0.04327
3578.67219	0.04403
3577.24415	0.04477
3575.81611	0.04554
3574.38806	0.04633
3572.96002	0.04705
3571.53198	0.04768
3570.10394	0.04825
3568.67590	0.04897
3567.24786	0.05012
3565.81982	0.05142
3564.39177	0.05239
3562.96373	0.05313
3561.53569	0.05386
3560.10765	0.05465
3558.67961	0.05549
3557.25157	0.05631
3555.82352	0.05709
3554.39548	0.05789
3552.96744	0.05874
3551.53940	0.05958
3550.11136	0.06031
3548.68332	0.06097
3547.25527	0.06170
3545.82723	0.06261
3544.39919	0.06361
3542.97115	0.06450
3541.54311	0.06526
3540.11507	0.06593
3538.68703	0.06664
3537.25898	0.06744
3535.83094	0.06833
3534.40290	0.06917
3532.97486	0.06991
3531.54682	0.07061
3530.11878	0.07135
3528.69073	0.07213
3527.26269	0.07289
3525.83465	0.07358
3524.40661	0.07427
3522.97857	0.07504
3521.55053	0.07582
3520.12248	0.07652
3518.69444	0.07717
3517.26640	0.07783
3515.83836	0.07845
3514.41032	0.07902
3512.98228	0.07958
3511.55424	0.08021
3510.12619	0.08092
3508.69815	0.08158
3507.27011	0.08209
3505.84207	0.08248
3504.41403	0.08295
3502.98599	0.08358
3501.55794	0.08424
3500.12990	0.08476
3498.70186	0.08515
3497.27382	0.08551
3495.84578	0.08596
3494.41774	0.08652
3492.98969	0.08711
3491.56165	0.08766
3490.13361	0.08815
3488.70557	0.08863
3487.27753	0.08912
3485.84949	0.08962
3484.42145	0.09008
3482.99340	0.09047
3481.56536	0.09081
3480.13732	0.09114
3478.70928	0.09150
3477.28124	0.09194
3475.85320	0.09241
3474.42515	0.09285
3472.99711	0.09324
3471.56907	0.09360
3470.14103	0.09396
3468.71299	0.09431
3467.28495	0.09466
3465.85690	0.09502
3464.42886	0.09543
3463.00082	0.09587
3461.57278	0.09630
3460.14474	0.09670
3458.71670	0.09710
3457.28866	0.09753
3455.86061	0.09797
3454.43257	0.09838
3453.00453	0.09878
3451.57649	0.09917
3450.14845	0.09955
3448.72041	0.09995
3447.29236	0.10041
3445.86432	0.10092
3444.43628	0.10141
3443.00824	0.10186
3441.58020	0.10230
3440.15216	0.10275
3438.72411	0.10323
3437.29607	0.10373
3435.86803	0.10427
3434.43999	0.10483
3433.01195	0.10541
3431.58391	0.10603
3430.15587	0.10669
3428.72782	0.10741
3427.29978	0.10818
3425.87174	0.10896
3424.44370	0.10972
3423.01566	0.11047
3421.58762	0.11126
3420.15957	0.11212
3418.73153	0.11299
3417.30349	0.11381
3415.87545	0.11457
3414.44741	0.11530
3413.01937	0.11605
3411.59132	0.11687
3410.16328	0.11780
3408.73524	0.11878
3407.30720	0.11975
3405.87916	0.12065
3404.45112	0.12149
3403.02308	0.12229
3401.59503	0.12314
3400.16699	0.12403
3398.73895	0.12498
3397.31091	0.12593
3395.88287	0.12685
3394.45483	0.12775
3393.02678	0.12871
3391.59874	0.12971
3390.17070	0.13064
3388.74266	0.13149
3387.31462	0.13233
3385.88658	0.13323
3384.45853	0.13421
3383.03049	0.13527
3381.60245	0.13635
3380.17441	0.13746
3378.74637	0.13860
3377.31833	0.13970
3375.89029	0.14077
3374.46224	0.14182
3373.03420	0.14292
3371.60616	0.14406
3370.17812	0.14524
3368.75008	0.14646
3367.32204	0.14769
3365.89399	0.14891
3364.46595	0.15008
3363.03791	0.15126
3361.60987	0.15248
3360.18183	0.15370
3358.75379	0.15491
3357.32575	0.15616
3355.89770	0.15753
3354.46966	0.15900
3353.04162	0.16052
3351.61358	0.16203
3350.18554	0.16346
3348.75750	0.16481
3347.32945	0.16616
3345.90141	0.16758
3344.47337	0.16911
3343.04533	0.17072
3341.61729	0.17236
3340.18925	0.17398
3338.76120	0.17555
3337.33316	0.17702
3335.90512	0.17843
3334.47708	0.17985
3333.04904	0.18134
3331.62100	0.18290
3330.19296	0.18455
3328.76491	0.18630
3327.33687	0.18809
3325.90883	0.18982
3324.48079	0.19139
3323.05275	0.19279
3321.62471	0.19413
3320.19666	0.19554
3318.76862	0.19707
3317.34058	0.19866
3315.91254	0.20025
3314.48450	0.20182
3313.05646	0.20342
3311.62841	0.20509
3310.20037	0.20679
3308.77233	0.20847
3307.34429	0.21003
3305.91625	0.21138
3304.48821	0.21252
3303.06017	0.21351
3301.63212	0.21447
3300.20408	0.21550
3298.77604	0.21669
3297.34800	0.21795
3295.91996	0.21913
3294.49192	0.22014
3293.06387	0.22094
3291.63583	0.22148
3290.20779	0.22179
3288.77975	0.22199
3287.35171	0.22222
3285.92367	0.22248
3284.49562	0.22268
3283.06758	0.22281
3281.63954	0.22290
3280.21150	0.22294
3278.78346	0.22296
3277.35542	0.22299
3275.92738	0.22299
3274.49933	0.22284
3273.07129	0.22246
3271.64325	0.22179
3270.21521	0.22081
3268.78717	0.21955
3267.35913	0.21816
3265.93108	0.21678
3264.50304	0.21545
3263.07500	0.21415
3261.64696	0.21285
3260.21892	0.21161
3258.79088	0.21045
3257.36283	0.20926
3255.93479	0.20787
3254.50675	0.20624
3253.07871	0.20452
3251.65067	0.20288
3250.22263	0.20145
3248.79459	0.20015
3247.36654	0.19884
3245.93850	0.19735
3244.51046	0.19568
3243.08242	0.19395
3241.65438	0.19226
3240.22634	0.19065
3238.79829	0.18915
3237.37025	0.18784
3235.94221	0.18666
3234.51417	0.18545
3233.08613	0.18404
3231.65809	0.18244
3230.23004	0.18080
3228.80200	0.17923
3227.37396	0.17775
3225.94592	0.17628
3224.51788	0.17481
3223.08984	0.17337
3221.66180	0.17198
3220.23375	0.17062
3218.80571	0.16924
3217.37767	0.16782
3215.94963	0.16640
3214.52159	0.16497
3213.09355	0.16348
3211.66550	0.16194
3210.23746	0.16039
3208.80942	0.15887
3207.38138	0.15739
3205.95334	0.15591
3204.52530	0.15442
3203.09725	0.15291
3201.66921	0.15136
3200.24117	0.14975
3198.81313	0.14809
3197.38509	0.14640
3195.95705	0.14472
3194.52901	0.14309
3193.10096	0.14150
3191.67292	0.13993
3190.24488	0.13835
3188.81684	0.13670
3187.38880	0.13498
3185.96076	0.13328
3184.53271	0.13164
3183.10467	0.13006
3181.67663	0.12850
3180.24859	0.12691
3178.82055	0.12527
3177.39251	0.12362
3175.96446	0.12202
3174.53642	0.12047
3173.10838	0.11897
3171.68034	0.11748
3170.25230	0.11600
3168.82426	0.11454
3167.39622	0.11313
3165.96817	0.11178
3164.54013	0.11042
3163.11209	0.10904
3161.68405	0.10768
3160.25601	0.10641
3158.82797	0.10524
3157.39992	0.10416
3155.97188	0.10311
3154.54384	0.10208
3153.11580	0.10102
3151.68776	0.09990
3150.25972	0.09871
3148.83167	0.09751
3147.40363	0.09638
3145.97559	0.09536
3144.54755	0.09449
3143.11951	0.09379
3141.69147	0.09326
3140.26343	0.09277
3138.83538	0.09217
3137.40734	0.09139
3135.97930	0.09053
3134.55126	0.08978
3133.12322	0.08927
3131.69518	0.08896
3130.26713	0.08868
3128.83909	0.08833
3127.41105	0.08793
3125.98301	0.08764
3124.55497	0.08755
3123.12693	0.08764
3121.69888	0.08782
3120.27084	0.08797
3118.84280	0.08807
3117.41476	0.08815
3115.98672	0.08821
3114.55868	0.08825
3113.13064	0.08833
3111.70259	0.08852
3110.27455	0.08883
3108.84651	0.08910
3107.41847	0.08926
3105.99043	0.08939
3104.56239	0.08967
3103.13434	0.09021
3101.70630	0.09094
3100.27826	0.09161
3098.85022	0.09203
3097.42218	0.09229
3095.99414	0.09264
3094.56610	0.09325
3093.13805	0.09409
3091.71001	0.09502
3090.28197	0.09589
3088.85393	0.09663
3087.42589	0.09726
3085.99785	0.09785
3084.56980	0.09839
3083.14176	0.09890
3081.71372	0.09938
3080.28568	0.09981
3078.85764	0.10012
3077.42960	0.10022
3076.00155	0.10009
3074.57351	0.09988
3073.14547	0.09976
3071.71743	0.09981
3070.28939	0.09996
3068.86135	0.10009
3067.43331	0.10003
3066.00526	0.09968
3064.57722	0.09903
3063.14918	0.09821
3061.72114	0.09734
3060.29310	0.09659
3058.86506	0.09602
3057.43701	0.09550
3056.00897	0.09486
3054.58093	0.09406
3053.15289	0.09316
3051.72485	0.09222
3050.29681	0.09118
3048.86876	0.09007
3047.44072	0.08899
3046.01268	0.08799
3044.58464	0.08697
3043.15660	0.08582
3041.72856	0.08450
3040.30052	0.08305
3038.87247	0.08162
3037.44443	0.08037
3036.01639	0.07933
3034.58835	0.07834
3033.16031	0.07726
3031.73227	0.07602
3030.30422	0.07473
3028.87618	0.07350
3027.44814	0.07248
3026.02010	0.07165
3024.59206	0.07089
3023.16402	0.07009
3021.73597	0.06932
3020.30793	0.06865
3018.87989	0.06806
3017.45185	0.06751
3016.02381	0.06697
3014.59577	0.06643
3013.16773	0.06585
3011.73968	0.06518
3010.31164	0.06443
3008.88360	0.06370
3007.45556	0.06315
3006.02752	0.06288
3004.59948	0.06289
3003.17143	0.06305
3001.74339	0.06333
3000.31535	0.06375
2998.88731	0.06430
2997.45927	0.06489
2996.03123	0.06551
2994.60318	0.06620
2993.17514	0.06690
2991.74710	0.06746
2990.31906	0.06786
2988.89102	0.06822
2987.46298	0.06865
2986.03494	0.06918
2984.60689	0.06976
2983.17885	0.07032
2981.75081	0.07071
2980.32277	0.07078
2978.89473	0.07050
2977.46669	0.06998
2976.03864	0.06939
2974.61060	0.06876
2973.18256	0.06807
2971.75452	0.06735
2970.32648	0.06668
2968.89844	0.06616
2967.47039	0.06578
2966.04235	0.06554
2964.61431	0.06539
2963.18627	0.06527
2961.75823	0.06512
2960.33019	0.06497
2958.90215	0.06489
2957.47410	0.06497
2956.04606	0.06526
2954.61802	0.06577
2953.18998	0.06645
2951.76194	0.06723
2950.33390	0.06813
2948.90585	0.06921
2947.47781	0.07046
2946.04977	0.07177
2944.62173	0.07300
2943.19369	0.07407
2941.76565	0.07494
2940.33760	0.07558
2938.90956	0.07597
2937.48152	0.07607
2936.05348	0.07587
2934.62544	0.07540
2933.19740	0.07471
2931.76936	0.07381
2930.34131	0.07268
2928.91327	0.07128
2927.48523	0.06969
2926.05719	0.06808
2924.62915	0.06653
2923.20111	0.06511
2921.77306	0.06383
2920.34502	0.06271
2918.91698	0.06170
2917.48894	0.06071
2916.06090	0.05967
2914.63286	0.05855
2913.20481	0.05736
2911.77677	0.05614
2910.34873	0.05493
2908.92069	0.05380
2907.49265	0.05281
2906.06461	0.05200
2904.63657	0.05130
2903.20852	0.05066
2901.78048	0.05006
2900.35244	0.04955
2898.92440	0.04915
2897.49636	0.04884
2896.06832	0.04851
2894.64027	0.04813
2893.21223	0.04775
2891.78419	0.04745
2890.35615	0.04728
2888.92811	0.04723
2887.50007	0.04728
2886.07202	0.04740
2884.64398	0.04754
2883.21594	0.04765
2881.78790	0.04772
2880.35986	0.04769
2878.93182	0.04754
2877.50378	0.04731
2876.07573	0.04701
2874.64769	0.04662
2873.21965	0.04601
2871.79161	0.04516
2870.36357	0.04420
2868.93553	0.04326
2867.50748	0.04243
2866.07944	0.04171
2864.65140	0.04109
2863.22336	0.04059
2861.79532	0.04021
2860.36728	0.03986
2858.93924	0.03945
2857.51119	0.03901
2856.08315	0.03858
2854.65511	0.03819
2853.22707	0.03785
2851.79903	0.03761
2850.37099	0.03748
2848.94294	0.03739
2847.51490	0.03723
2846.08686	0.03699
2844.65882	0.03673
2843.23078	0.03658
2841.80274	0.03656
2840.37469	0.03661
2838.94665	0.03661
2837.51861	0.03653
2836.09057	0.03638
2834.66253	0.03623
2833.23449	0.03606
2831.80645	0.03588
2830.37840	0.03569
2828.95036	0.03551
2827.52232	0.03538
2826.09428	0.03530
2824.66624	0.03525
2823.23820	0.03518
2821.81015	0.03506
2820.38211	0.03490
2818.95407	0.03470
2817.52603	0.03449
2816.09799	0.03428
2814.66995	0.03412
2813.24190	0.03400
2811.81386	0.03391
2810.38582	0.03372
2808.95778	0.03340
2807.52974	0.03300
2806.10170	0.03263
2804.67366	0.03233
2803.24561	0.03210
2801.81757	0.03195
2800.38953	0.03183
2798.96149	0.03167
2797.53345	0.03141
2796.10541	0.03108
2794.67736	0.03074
2793.24932	0.03047
2791.82128	0.03025
2790.39324	0.03002
2788.96520	0.02969
2787.53716	0.02926
2786.10911	0.02877
2784.68107	0.02832
2783.25303	0.02796
2781.82499	0.02766
2780.39695	0.02740
2778.96891	0.02719
2777.54087	0.02702
2776.11282	0.02686
2774.68478	0.02664
2773.25674	0.02631
2771.82870	0.02592
2770.40066	0.02554
2768.97262	0.02521
2767.54457	0.02495
2766.11653	0.02472
2764.68849	0.02448
2763.26045	0.02424
2761.83241	0.02403
2760.40437	0.02386
2758.97632	0.02370
2757.54828	0.02352
2756.12024	0.02330
2754.69220	0.02308
2753.26416	0.02293
2751.83612	0.02287
2750.40808	0.02283
2748.98003	0.02270
2747.55199	0.02247
2746.12395	0.02216
2744.69591	0.02185
2743.26787	0.02156
2741.83983	0.02133
2740.41178	0.02116
2738.98374	0.02103
2737.55570	0.02090
2736.12766	0.02072
2734.69962	0.02050
2733.27158	0.02026
2731.84353	0.02006
2730.41549	0.01994
2728.98745	0.01991
2727.55941	0.01991
2726.13137	0.01984
2724.70333	0.01966
2723.27529	0.01941
2721.84724	0.01916
2720.41920	0.01895
2718.99116	0.01879
2717.56312	0.01867
2716.13508	0.01855
2714.70704	0.01840
2713.27899	0.01824
2711.85095	0.01812
2710.42291	0.01805
2708.99487	0.01798
2707.56683	0.01790
2706.13879	0.01781
2704.71074	0.01775
2703.28270	0.01770
2701.85466	0.01765
2700.42662	0.01760
2698.99858	0.01754
2697.57054	0.01744
2696.14250	0.01733
2694.71445	0.01722
2693.28641	0.01714
2691.85837	0.01707
2690.43033	0.01703
2689.00229	0.01697
2687.57425	0.01689
2686.14620	0.01681
2684.71816	0.01678
2683.29012	0.01682
2681.86208	0.01689
2680.43404	0.01691
2679.00600	0.01683
2677.57795	0.01665
2676.14991	0.01645
2674.72187	0.01627
2673.29383	0.01612
2671.86579	0.01597
2670.43775	0.01582
2669.00971	0.01568
2667.58166	0.01557
2666.15362	0.01549
2664.72558	0.01541
2663.29754	0.01532
2661.86950	0.01524
2660.44146	0.01515
2659.01341	0.01506
2657.58537	0.01494
2656.15733	0.01481
2654.72929	0.01469
2653.30125	0.01458
2651.87321	0.01448
2650.44516	0.01440
2649.01712	0.01432
2647.58908	0.01424
2646.16104	0.01415
2644.73300	0.01407
2643.30496	0.01401
2641.87692	0.01400
2640.44887	0.01401
2639.02083	0.01399
2637.59279	0.01393
2636.16475	0.01384
2634.73671	0.01373
2633.30867	0.01362
2631.88062	0.01351
2630.45258	0.01343
2629.02454	0.01339
2627.59650	0.01338
2626.16846	0.01334
2624.74042	0.01326
2623.31237	0.01315
2621.88433	0.01302
2620.45629	0.01290
2619.02825	0.01281
2617.60021	0.01272
2616.17217	0.01261
2614.74413	0.01246
2613.31608	0.01232
2611.88804	0.01220
2610.46000	0.01211
2609.03196	0.01204
2607.60392	0.01199
2606.17588	0.01192
2604.74783	0.01181
2603.31979	0.01168
2601.89175	0.01153
2600.46371	0.01137
2599.03567	0.01120
2597.60763	0.01105
2596.17959	0.01095
2594.75154	0.01088
2593.32350	0.01081
2591.89546	0.01071
2590.46742	0.01059
2589.03938	0.01046
2587.61134	0.01033
2586.18329	0.01020
2584.75525	0.01009
2583.32721	0.01000
2581.89917	0.00992
2580.47113	0.00984
2579.04309	0.00974
2577.61504	0.00963
2576.18700	0.00951
2574.75896	0.00936
2573.33092	0.00920
2571.90288	0.00905
2570.47484	0.00893
2569.04680	0.00883
2567.61875	0.00874
2566.19071	0.00865
2564.76267	0.00855
2563.33463	0.00844
2561.90659	0.00831
2560.47855	0.00817
2559.05050	0.00804
2557.62246	0.00792
2556.19442	0.00783
2554.76638	0.00777
2553.33834	0.00773
2551.91030	0.00767
2550.48225	0.00759
2549.05421	0.00749
2547.62617	0.00741
2546.19813	0.00736
2544.77009	0.00734
2543.34205	0.00732
2541.91401	0.00725
2540.48596	0.00715
2539.05792	0.00707
2537.62988	0.00703
2536.20184	0.00700
2534.77380	0.00699
2533.34576	0.00698
2531.91771	0.00695
2530.48967	0.00690
2529.06163	0.00685
2527.63359	0.00682
2526.20555	0.00682
2524.77751	0.00682
2523.34946	0.00681
2521.92142	0.00680
2520.49338	0.00677
2519.06534	0.00671
2517.63730	0.00663
2516.20926	0.00655
2514.78122	0.00649
2513.35317	0.00645
2511.92513	0.00641
2510.49709	0.00637
2509.06905	0.00633
2507.64101	0.00630
2506.21297	0.00630
2504.78492	0.00630
2503.35688	0.00630
2501.92884	0.00630
2500.50080	0.00628
2499.07276	0.00622
2497.64472	0.00615
2496.21667	0.00609
2494.78863	0.00603
2493.36059	0.00596
2491.93255	0.00589
2490.50451	0.00582
2489.07647	0.00577
2487.64843	0.00571
2486.22038	0.00565
2484.79234	0.00562
2483.36430	0.00561
2481.93626	0.00557
2480.50822	0.00548
2479.08018	0.00537
2477.65213	0.00527
2476.22409	0.00520
2474.79605	0.00516
2473.36801	0.00515
2471.93997	0.00516
2470.51193	0.00517
2469.08388	0.00516
2467.65584	0.00511
2466.22780	0.00505
2464.79976	0.00500
2463.37172	0.00494
2461.94368	0.00488
2460.51564	0.00483
2459.08759	0.00481
2457.65955	0.00481
2456.23151	0.00481
2454.80347	0.00482
2453.37543	0.00485
2451.94739	0.00487
2450.51934	0.00481
2449.09130	0.00469
2447.66326	0.00459
2446.23522	0.00457
2444.80718	0.00461
2443.37914	0.00465
2441.95109	0.00470
2440.52305	0.00474
2439.09501	0.00478
2437.66697	0.00478
2436.23893	0.00472
2434.81089	0.00466
2433.38285	0.00464
2431.95480	0.00465
2430.52676	0.00468
2429.09872	0.00473
2427.67068	0.00477
2426.24264	0.00476
2424.81460	0.00473
2423.38655	0.00470
2421.95851	0.00471
2420.53047	0.00476
2419.10243	0.00482
2417.67439	0.00485
2416.24635	0.00481
2414.81830	0.00474
2413.39026	0.00467
2411.96222	0.00464
2410.53418	0.00463
2409.10614	0.00463
2407.67810	0.00464
2406.25006	0.00468
2404.82201	0.00474
2403.39397	0.00479
2401.96593	0.00482
2400.53789	0.00484
2399.10985	0.00485
2397.68181	0.00484
2396.25376	0.00481
2394.82572	0.00480
2393.39768	0.00484
2391.96964	0.00490
2390.54160	0.00495
2389.11356	0.00496
2387.68551	0.00493
2386.25747	0.00488
2384.82943	0.00478
2383.40139	0.00465
2381.97335	0.00445
2380.54531	0.00420
2379.11727	0.00388
2377.68922	0.00349
2376.26118	0.00302
2374.83314	0.00243
2373.40510	0.00164
2371.97706	0.00061
2370.54902	-0.00066
2369.12097	-0.00220
2367.69293	-0.00395
2366.26489	-0.00571
2364.83685	-0.00730
2363.40881	-0.00861
2361.98077	-0.00961
2360.55273	-0.01017
2359.12468	-0.01000
2357.69664	-0.00884
2356.26860	-0.00677
2354.84056	-0.00420
2353.41252	-0.00158
2351.98448	0.00055
2350.55643	0.00186
2349.12839	0.00233
2347.70035	0.00203
2346.27231	0.00106
2344.84427	-0.00025
2343.41623	-0.00125
2341.98818	-0.00159
2340.56014	-0.00148
2339.13210	-0.00120
2337.70406	-0.00092
2336.27602	-0.00071
2334.84798	-0.00055
2333.41994	-0.00044
2331.99189	-0.00035
2330.56385	-0.00014
2329.13581	0.00032
2327.70777	0.00096
2326.27973	0.00157
2324.85169	0.00196
2323.42364	0.00212
2321.99560	0.00222
2320.56756	0.00241
2319.13952	0.00271
2317.71148	0.00300
2316.28344	0.00323
2314.85539	0.00337
2313.42735	0.00346
2311.99931	0.00355
2310.57127	0.00366
2309.14323	0.00379
2307.71519	0.00391
2306.28715	0.00401
2304.85910	0.00408
2303.43106	0.00418
2302.00302	0.00429
2300.57498	0.00438
2299.14694	0.00445
2297.71890	0.00453
2296.29085	0.00457
2294.86281	0.00458
2293.43477	0.00457
2292.00673	0.00457
2290.57869	0.00460
2289.15065	0.00463
2287.72260	0.00464
2286.29456	0.00461
2284.86652	0.00453
2283.43848	0.00442
2282.01044	0.00430
2280.58240	0.00417
2279.15436	0.00405
2277.72631	0.00397
2276.29827	0.00394
2274.87023	0.00392
2273.44219	0.00391
2272.01415	0.00388
2270.58611	0.00384
2269.15806	0.00376
2267.73002	0.00366
2266.30198	0.00359
2264.87394	0.00355
2263.44590	0.00354
2262.01786	0.00352
2260.58981	0.00349
2259.16177	0.00348
2257.73373	0.00346
2256.30569	0.00341
2254.87765	0.00329
2253.44961	0.00314
2252.02157	0.00305
2250.59352	0.00305
2249.16548	0.00311
2247.73744	0.00317
2246.30940	0.00320
2244.88136	0.00322
2243.45332	0.00323
2242.02527	0.00320
2240.59723	0.00310
2239.16919	0.00301
2237.74115	0.00297
2236.31311	0.00301
2234.88507	0.00308
2233.45702	0.00314
2232.02898	0.00313
2230.60094	0.00303
2229.17290	0.00286
2227.74486	0.00272
2226.31682	0.00265
2224.88878	0.00266
2223.46073	0.00272
2222.03269	0.00281
2220.60465	0.00291
2219.17661	0.00298
2217.74857	0.00301
2216.32053	0.00303
2214.89248	0.00304
2213.46444	0.00301
2212.03640	0.00292
2210.60836	0.00280
2209.18032	0.00272
2207.75228	0.00276
2206.32423	0.00291
2204.89619	0.00306
2203.46815	0.00314
2202.04011	0.00316
2200.61207	0.00315
2199.18403	0.00315
2197.75599	0.00315
2196.32794	0.00315
2194.89990	0.00315
2193.47186	0.00313
2192.04382	0.00309
2190.61578	0.00301
2189.18774	0.00293
2187.75969	0.00283
2186.33165	0.00265
2184.90361	0.00239
2183.47557	0.00213
2182.04753	0.00198
2180.61949	0.00194
2179.19144	0.00192
2177.76340	0.00183
2176.33536	0.00170
2174.90732	0.00161
2173.47928	0.00161
2172.05124	0.00170
2170.62320	0.00177
2169.19515	0.00171
2167.76711	0.00150
2166.33907	0.00122
2164.91103	0.00096
2163.48299	0.00070
2162.05495	0.00031
2160.62690	-0.00024
2159.19886	-0.00067
2157.77082	-0.00068
2156.34278	-0.00037
2154.91474	-0.00007
2153.48670	0.00011
2152.05865	0.00027
2150.63061	0.00051
2149.20257	0.00085
2147.77453	0.00121
2146.34649	0.00148
2144.91845	0.00163
2143.49041	0.00179
2142.06236	0.00204
2140.63432	0.00231
2139.20628	0.00247
2137.77824	0.00250
2136.35020	0.00258
2134.92216	0.00280
2133.49411	0.00309
2132.06607	0.00336
2130.63803	0.00360
2129.20999	0.00383
2127.78195	0.00401
2126.35391	0.00415
2124.92586	0.00426
2123.49782	0.00436
2122.06978	0.00446
2120.64174	0.00455
2119.21370	0.00466
2117.78566	0.00479
2116.35762	0.00489
2114.92957	0.00495
2113.50153	0.00500
2112.07349	0.00501
2110.64545	0.00496
2109.21741	0.00485
2107.78937	0.00474
2106.36132	0.00466
2104.93328	0.00461
2103.50524	0.00459
2102.07720	0.00457
2100.64916	0.00457
2099.22112	0.00460
2097.79308	0.00459
2096.36503	0.00455
2094.93699	0.00453
2093.50895	0.00461
2092.08091	0.00474
2090.65287	0.00487
2089.22483	0.00494
2087.79678	0.00496
2086.36874	0.00491
2084.94070	0.00479
2083.51266	0.00467
2082.08462	0.00457
2080.65658	0.00449
2079.22853	0.00436
2077.80049	0.00424
2076.37245	0.00416
2074.94441	0.00413
2073.51637	0.00415
2072.08833	0.00417
2070.66029	0.00413
2069.23224	0.00402
2067.80420	0.00390
2066.37616	0.00383
2064.94812	0.00382
2063.52008	0.00381
2062.09204	0.00379
2060.66399	0.00376
2059.23595	0.00374
2057.80791	0.00365
2056.37987	0.00342
2054.95183	0.00318
2053.52379	0.00307
2052.09574	0.00303
2050.66770	0.00286
2049.23966	0.00246
2047.81162	0.00203
2046.38358	0.00181
2044.95554	0.00174
2043.52750	0.00165
2042.09945	0.00149
2040.67141	0.00135
2039.24337	0.00116
2037.81533	0.00084
2036.38729	0.00040
2034.95925	-0.00007
2033.53120	-0.00042
2032.10316	-0.00053
2030.67512	-0.00046
2029.24708	-0.00044
2027.81904	-0.00056
2026.39100	-0.00075
2024.96295	-0.00082
2023.53491	-0.00066
2022.10687	-0.00033
2020.67883	0.00002
2019.25079	0.00026
2017.82275	0.00037
2016.39471	0.00040
2014.96666	0.00047
2013.53862	0.00059
2012.11058	0.00071
2010.68254	0.00079
2009.25450	0.00083
2007.82646	0.00083
2006.39841	0.00091
2004.97037	0.00114
2003.54233	0.00146
2002.11429	0.00173
2000.68625	0.00188
1999.25821	0.00193
1997.83016	0.00198
1996.40212	0.00207
1994.97408	0.00212
1993.54604	0.00205
1992.11800	0.00190
1990.68996	0.00184
1989.26192	0.00193
1987.83387	0.00210
1986.40583	0.00225
1984.97779	0.00233
1983.54975	0.00241
1982.12171	0.00254
1980.69367	0.00260
1979.26562	0.00240
1977.83758	0.00197
1976.40954	0.00156
1974.98150	0.00143
1973.55346	0.00160
1972.12542	0.00185
1970.69737	0.00194
1969.26933	0.00188
1967.84129	0.00184
1966.41325	0.00198
1964.98521	0.00219
1963.55717	0.00229
1962.12913	0.00226
1960.70108	0.00225
1959.27304	0.00233
1957.84500	0.00246
1956.41696	0.00258
1954.98892	0.00267
1953.56088	0.00272
1952.13283	0.00274
1950.70479	0.00273
1949.27675	0.00266
1947.84871	0.00258
1946.42067	0.00258
1944.99263	0.00270
1943.56458	0.00290
1942.13654	0.00307
1940.70850	0.00314
1939.28046	0.00314
1937.85242	0.00316
1936.42438	0.00323
1934.99634	0.00335
1933.56829	0.00348
1932.14025	0.00362
1930.71221	0.00375
1929.28417	0.00382
1927.85613	0.00379
1926.42809	0.00369
1925.00004	0.00361
1923.57200	0.00363
1922.14396	0.00376
1920.71592	0.00388
1919.28788	0.00391
1917.85984	0.00390
1916.43179	0.00389
1915.00375	0.00391
1913.57571	0.00394
1912.14767	0.00399
1910.71963	0.00406
1909.29159	0.00415
1907.86355	0.00425
1906.43550	0.00433
1905.00746	0.00439
1903.57942	0.00443
1902.15138	0.00448
1900.72334	0.00455
1899.29530	0.00465
1897.86725	0.00471
1896.43921	0.00475
1895.01117	0.00477
1893.58313	0.00478
1892.15509	0.00479
1890.72705	0.00482
1889.29900	0.00487
1887.87096	0.00492
1886.44292	0.00495
1885.01488	0.00498
1883.58684	0.00504
1882.15880	0.00512
1880.73076	0.00517
1879.30271	0.00515
1877.87467	0.00512
1876.44663	0.00511
1875.01859	0.00511
1873.59055	0.00509
1872.16251	0.00503
1870.73446	0.00493
1869.30642	0.00488
1867.87838	0.00495
1866.45034	0.00510
1865.02230	0.00527
1863.59426	0.00540
1862.16622	0.00546
1860.73817	0.00548
1859.31013	0.00552
1857.88209	0.00558
1856.45405	0.00564
1855.02601	0.00565
1853.59797	0.00564
1852.16992	0.00564
1850.74188	0.00568
1849.31384	0.00571
1847.88580	0.00571
1846.45776	0.00571
1845.02972	0.00576
1843.60167	0.00586
1842.17363	0.00600
1840.74559	0.00612
1839.31755	0.00620
1837.88951	0.00626
1836.46147	0.00634
1835.03343	0.00641
1833.60538	0.00648
1832.17734	0.00655
1830.74930	0.00660
1829.32126	0.00666
1827.89322	0.00677
1826.46518	0.00688
1825.03713	0.00701
1823.60909	0.00716
1822.18105	0.00729
1820.75301	0.00736
1819.32497	0.00743
1817.89693	0.00752
1816.46888	0.00762
1815.04084	0.00773
1813.61280	0.00781
1812.18476	0.00786
1810.75672	0.00793
1809.32868	0.00806
1807.90064	0.00821
1806.47259	0.00835
1805.04455	0.00847
1803.61651	0.00856
1802.18847	0.00867
1800.76043	0.00882
1799.33239	0.00897
1797.90434	0.00909
1796.47630	0.00919
1795.04826	0.00926
1793.62022	0.00934
1792.19218	0.00950
1790.76414	0.00970
1789.33609	0.00985
1787.90805	0.00996
1786.48001	0.01004
1785.05197	0.01012
1783.62393	0.01024
1782.19589	0.01039
1780.76785	0.01054
1779.33980	0.01070
1777.91176	0.01086
1776.48372	0.01096
1775.05568	0.01102
1773.62764	0.01109
1772.19960	0.01122
1770.77155	0.01145
1769.34351	0.01173
1767.91547	0.01195
1766.48743	0.01211
1765.05939	0.01224
1763.63135	0.01232
1762.20330	0.01245
1760.77526	0.01269
1759.34722	0.01294
1757.91918	0.01315
1756.49114	0.01336
1755.06310	0.01355
1753.63506	0.01367
1752.20701	0.01379
1750.77897	0.01395
1749.35093	0.01415
1747.92289	0.01444
1746.49485	0.01478
1745.06681	0.01509
1743.63876	0.01541
1742.21072	0.01573
1740.78268	0.01604
1739.35464	0.01638
1737.92660	0.01671
1736.49856	0.01693
1735.07051	0.01722
1733.64247	0.01788
1732.21443	0.01869
1730.78639	0.01939
1729.35835	0.02010
1727.93031	0.02078
1726.50227	0.02145
1725.07422	0.02222
1723.64618	0.02310
1722.21814	0.02393
1720.79010	0.02468
1719.36206	0.02556
1717.93402	0.02723
1716.50597	0.03042
1715.07793	0.03390
1713.64989	0.03673
1712.22185	0.03949
1710.79381	0.04256
1709.36577	0.04595
1707.93772	0.05011
1706.50968	0.05592
1705.08164	0.06284
1703.65360	0.06891
1702.22556	0.07448
1700.79752	0.08218
1699.36948	0.09279
1697.94143	0.10364
1696.51339	0.11456
1695.08535	0.12487
1693.65731	0.13240
1692.22927	0.13828
1690.80123	0.14497
1689.37318	0.15305
1687.94514	0.16070
1686.51710	0.16771
1685.08906	0.17841
1683.66102	0.19484
1682.23298	0.20829
1680.80493	0.21697
1679.37689	0.22435
1677.94885	0.23210
1676.52081	0.24186
1675.09277	0.25439
1673.66473	0.26677
1672.23669	0.27740
1670.80864	0.29048
1669.38060	0.30892
1667.95256	0.32535
1666.52452	0.33595
1665.09648	0.34550
1663.66844	0.35926
1662.24039	0.37798
1660.81235	0.39561
1659.38431	0.40875
1657.95627	0.41906
1656.52823	0.42822
1655.10019	0.44015
1653.67214	0.46604
1652.24410	0.49781
1650.81606	0.51128
1649.38802	0.51756
1647.95998	0.52979
1646.53194	0.55084
1645.10390	0.56685
1643.67585	0.57419
1642.24781	0.57884
1640.81977	0.58297
1639.39173	0.58629
1637.96369	0.58859
1636.53565	0.58930
1635.10760	0.58568
1633.67956	0.57836
1632.25152	0.56987
1630.82348	0.55956
1629.39544	0.54563
1627.96740	0.52802
1626.53935	0.50918
1625.11131	0.48890
1623.68327	0.46425
1622.25523	0.43898
1620.82719	0.41986
1619.39915	0.40496
1617.97111	0.38740
1616.54306	0.36458
1615.11502	0.34447
1613.68698	0.33020
1612.25894	0.31734
1610.83090	0.30302
1609.40286	0.28703
1607.97481	0.27124
1606.54677	0.25760
1605.11873	0.24630
1603.69069	0.23656
1602.26265	0.22808
1600.83461	0.22113
1599.40657	0.21572
1597.97852	0.21133
1596.55048	0.20729
1595.12244	0.20325
1593.69440	0.19933
1592.26636	0.19578
1590.83832	0.19275
1589.41027	0.19046
1587.98223	0.18909
1586.55419	0.18866
1585.12615	0.18919
1583.69811	0.19066
1582.27007	0.19290
1580.84202	0.19555
1579.41398	0.19847
1577.98594	0.20269
1576.55790	0.21036
1575.12986	0.21947
1573.70182	0.22567
1572.27378	0.23045
1570.84573	0.23755
1569.41769	0.24856
1567.98965	0.25977
1566.56161	0.26883
1565.13357	0.27747
1563.70553	0.28577
1562.27748	0.29234
1560.84944	0.29899
1559.42140	0.31522
1557.99336	0.34239
1556.56532	0.35813
1555.13728	0.36763
1553.70923	0.37741
1552.28119	0.38771
1550.85315	0.39903
1549.42511	0.41091
1547.99707	0.42107
1546.56903	0.42916
1545.14099	0.43741
1543.71294	0.44778
1542.28490	0.46129
1540.85686	0.48086
1539.42882	0.49834
1538.00078	0.50510
1536.57274	0.50776
1535.14469	0.51164
1533.71665	0.51914
1532.28861	0.52727
1530.86057	0.53177
1529.43253	0.53406
1528.00449	0.53661
1526.57644	0.53971
1525.14840	0.54238
1523.72036	0.54524
1522.29232	0.55031
1520.86428	0.55735
1519.43624	0.56385
1518.00820	0.57025
1516.58015	0.57691
1515.15211	0.58048
1513.72407	0.57855
1512.29603	0.57256
1510.86799	0.56491
1509.43995	0.55538
1508.01190	0.53534
1506.58386	0.50123
1505.15582	0.47834
1503.72778	0.46497
1502.29974	0.45244
1500.87170	0.43790
1499.44365	0.41996
1498.01561	0.39735
1496.58757	0.37293
1495.15953	0.35372
1493.73149	0.34048
1492.30345	0.32894
1490.87541	0.31415
1489.44736	0.29411
1488.01932	0.27538
1486.59128	0.26254
1485.16324	0.25304
1483.73520	0.24465
1482.30716	0.23636
1480.87911	0.22840
1479.45107	0.22174
1478.02303	0.21654
1476.59499	0.21217
1475.16695	0.20832
1473.73891	0.20524
1472.31086	0.20330
1470.88282	0.20250
1469.45478	0.20229
1468.02674	0.20248
1466.59870	0.20356
1465.17066	0.20622
1463.74262	0.20979
1462.31457	0.21277
1460.88653	0.21509
1459.45849	0.21793
1458.03045	0.22399
1456.60241	0.23315
1455.17437	0.23836
1453.74632	0.23991
1452.31828	0.24021
1450.89024	0.23971
1449.46220	0.23803
1448.03416	0.23475
1446.60612	0.23014
1445.17807	0.22493
1443.75003	0.21935
1442.32199	0.21346
1440.89395	0.20777
1439.46591	0.20249
1438.03787	0.19696
1436.60983	0.19083
1435.18178	0.18578
1433.75374	0.18279
1432.32570	0.18098
1430.89766	0.17992
1429.46962	0.17977
1428.04158	0.18048
1426.61353	0.18192
1425.18549	0.18430
1423.75745	0.18758
1422.32941	0.19107
1420.90137	0.19481
1419.47333	0.20011
1418.04528	0.20677
1416.61724	0.21199
1415.18920	0.21527
1413.76116	0.21766
1412.33312	0.21951
1410.90508	0.22060
1409.47704	0.22066
1408.04899	0.21961
1406.62095	0.21746
1405.19291	0.21427
1403.76487	0.21070
1402.33683	0.20752
1400.90879	0.20482
1399.48074	0.20247
1398.05270	0.20080
1396.62466	0.20032
1395.19662	0.20114
1393.76858	0.20277
1392.34054	0.20448
1390.91249	0.20604
1389.48445	0.20777
1388.05641	0.21004
1386.62837	0.21253
1385.20033	0.21447
1383.77229	0.21572
1382.34425	0.21652
1380.91620	0.21695
1379.48816	0.21688
1378.06012	0.21623
1376.63208	0.21491
1375.20404	0.21267
1373.77600	0.20945
1372.34795	0.20573
1370.91991	0.20166
1369.49187	0.19689
1368.06383	0.19156
1366.63579	0.18639
1365.20775	0.18159
1363.77971	0.17662
1362.35166	0.17154
1360.92362	0.16736
1359.49558	0.16447
1358.06754	0.16239
1356.63950	0.16084
1355.21146	0.15986
1353.78341	0.15959
1352.35537	0.16006
1350.92733	0.16129
1349.49929	0.16332
1348.07125	0.16607
1346.64321	0.16937
1345.21516	0.17297
1343.78712	0.17665
1342.35908	0.18035
1340.93104	0.18440
1339.50300	0.18893
1338.07496	0.19301
1336.64692	0.19576
1335.21887	0.19725
1333.79083	0.19776
1332.36279	0.19736
1330.93475	0.19604
1329.50671	0.19384
1328.07867	0.19090
1326.65062	0.18746
1325.22258	0.18380
1323.79454	0.18022
1322.36650	0.17699
1320.93846	0.17425
1319.51042	0.17211
1318.08237	0.17067
1316.65433	0.16994
1315.22629	0.16980
1313.79825	0.17017
1312.37021	0.17093
1310.94217	0.17195
1309.51413	0.17312
1308.08608	0.17441
1306.65804	0.17580
1305.23000	0.17723
1303.80196	0.17870
1302.37392	0.18020
1300.94588	0.18175
1299.51783	0.18336
1298.08979	0.18501
1296.66175	0.18667
1295.23371	0.18830
1293.80567	0.18987
1292.37763	0.19139
1290.94958	0.19286
1289.52154	0.19431
1288.09350	0.19575
1286.66546	0.19722
1285.23742	0.19875
1283.80938	0.20043
1282.38134	0.20235
1280.95329	0.20457
1279.52525	0.20711
1278.09721	0.20997
1276.66917	0.21315
1275.24113	0.21661
1273.81309	0.22029
1272.38504	0.22418
1270.95700	0.22818
1269.52896	0.23218
1268.10092	0.23608
1266.67288	0.23988
1265.24484	0.24360
1263.81679	0.24727
1262.38875	0.25098
1260.96071	0.25487
1259.53267	0.25899
1258.10463	0.26329
1256.67659	0.26774
1255.24855	0.27242
1253.82050	0.27735
1252.39246	0.28250
1250.96442	0.28779
1249.53638	0.29314
1248.10834	0.29848
1246.68030	0.30375
1245.25225	0.30891
1243.82421	0.31388
1242.39617	0.31853
1240.96813	0.32270
1239.54009	0.32624
1238.11205	0.32906
1236.68400	0.33104
1235.25596	0.33206
1233.82792	0.33203
1232.39988	0.33084
1230.97184	0.32841
1229.54380	0.32470
1228.11576	0.31974
1226.68771	0.31357
1225.25967	0.30631
1223.83163	0.29813
1222.40359	0.28925
1220.97555	0.27984
1219.54751	0.27002
1218.11946	0.25998
1216.69142	0.24998
1215.26338	0.24024
1213.83534	0.23089
1212.40730	0.22204
1210.97926	0.21377
1209.55121	0.20611
1208.12317	0.19900
1206.69513	0.19232
1205.26709	0.18599
1203.83905	0.17996
1202.41101	0.17428
1200.98297	0.16900
1199.55492	0.16418
1198.12688	0.15991
1196.69884	0.15625
1195.27080	0.15322
1193.84276	0.15079
1192.41472	0.14889
1190.98667	0.14746
1189.55863	0.14647
1188.13059	0.14591
1186.70255	0.14580
1185.27451	0.14617
1183.84647	0.14705
1182.41842	0.14850
1180.99038	0.15062
1179.56234	0.15343
1178.13430	0.15680
1176.70626	0.16043
1175.27822	0.16393
1173.85018	0.16691
1172.42213	0.16912
1170.99409	0.17055
1169.56605	0.17134
1168.13801	0.17169
1166.70997	0.17167
1165.28193	0.17132
1163.85388	0.17063
1162.42584	0.16959
1160.99780	0.16819
1159.56976	0.16644
1158.14172	0.16441
1156.71368	0.16218
1155.28563	0.15983
1153.85759	0.15735
1152.42955	0.15474
1151.00151	0.15202
1149.57347	0.14922
1148.14543	0.14644
1146.71739	0.14374
1145.28934	0.14121
1143.86130	0.13889
1142.43326	0.13679
1141.00522	0.13493
1139.57718	0.13333
1138.14914	0.13200
1136.72109	0.13085
1135.29305	0.12985
1133.86501	0.12898
1132.43697	0.12827
1131.00893	0.12773
1129.58089	0.12734
1128.15284	0.12710
1126.72480	0.12697
1125.29676	0.12691
1123.86872	0.12691
1122.44068	0.12696
1121.01264	0.12703
1119.58460	0.12709
1118.15655	0.12713
1116.72851	0.12710
1115.30047	0.12698
1113.87243	0.12681
1112.44439	0.12669
1111.01635	0.12674
1109.58830	0.12701
1108.16026	0.12741
1106.73222	0.12776
1105.30418	0.12783
1103.87614	0.12746
1102.44810	0.12660
1101.02006	0.12532
1099.59201	0.12379
1098.16397	0.12224
1096.73593	0.12094
1095.30789	0.12009
1093.87985	0.11984
1092.45181	0.12025
1091.02376	0.12132
1089.59572	0.12302
1088.16768	0.12530
1086.73964	0.12808
1085.31160	0.13123
1083.88356	0.13460
1082.45551	0.13805
1081.02747	0.14148
1079.59943	0.14480
1078.17139	0.14788
1076.74335	0.15061
1075.31531	0.15293
1073.88727	0.15479
1072.45922	0.15620
1071.03118	0.15720
1069.60314	0.15783
1068.17510	0.15818
1066.74706	0.15837
1065.31902	0.15860
1063.89097	0.15900
1062.46293	0.15969
1061.03489	0.16065
1059.60685	0.16176
1058.17881	0.16279
1056.75077	0.16345
1055.32272	0.16352
1053.89468	0.16289
1052.46664	0.16153
1051.03860	0.15948
1049.61056	0.15685
1048.18252	0.15384
1046.75448	0.15068
1045.32643	0.14753
1043.89839	0.14450
1042.47035	0.14171
1041.04231	0.13923
1039.61427	0.13710
1038.18623	0.13533
1036.75818	0.13394
1035.33014	0.13290
1033.90210	0.13221
1032.47406	0.13180
1031.04602	0.13159
1029.61798	0.13143
1028.18993	0.13122
1026.76189	0.13102
1025.33385	0.13113
1023.90581	0.13200
1022.47777	0.13402
1021.04973	0.13727
1019.62169	0.14148
1018.19364	0.14599
1016.76560	0.14998
1015.33756	0.15262
1013.90952	0.15337
1012.48148	0.15208
1011.05344	0.14898
1009.62539	0.14453
1008.19735	0.13918
1006.76931	0.13341
1005.34127	0.12760
1003.91323	0.12206
1002.48519	0.11695
1001.05714	0.11231
999.62910	0.10813
998.20106	0.10442
996.77302	0.10111
995.34498	0.09813
993.91694	0.09541
992.48890	0.09290
991.06085	0.09060
989.63281	0.08855
988.20477	0.08678
986.77673	0.08532
985.34869	0.08417
983.92065	0.08329
982.49260	0.08268
981.06456	0.08233
979.63652	0.08218
978.20848	0.08217
976.78044	0.08224
975.35240	0.08238
973.92435	0.08259
972.49631	0.08286
971.06827	0.08325
969.64023	0.08377
968.21219	0.08440
966.78415	0.08514
965.35611	0.08602
963.92806	0.08704
962.50002	0.08813
961.07198	0.08920
959.64394	0.09022
958.21590	0.09120
956.78786	0.09217
955.35981	0.09314
953.93177	0.09409
952.50373	0.09500
951.07569	0.09581
949.64765	0.09648
948.21961	0.09697
946.79156	0.09726
945.36352	0.09731
943.93548	0.09706
942.50744	0.09653
941.07940	0.09582
939.65136	0.09498
938.22332	0.09402
936.79527	0.09294
935.36723	0.09181
933.93919	0.09070
932.51115	0.08970
931.08311	0.08880
929.65507	0.08795
928.22702	0.08713
926.79898	0.08632
925.37094	0.08551
923.94290	0.08465
922.51486	0.08372
921.08682	0.08277
919.65877	0.08186
918.23073	0.08102
916.80269	0.08021
915.37465	0.07937
913.94661	0.07851
912.51857	0.07768
911.09053	0.07693
909.66248	0.07625
908.23444	0.07562
906.80640	0.07507
905.37836	0.07463
903.95032	0.07431
902.52228	0.07405
901.09423	0.07382
899.66619	0.07363
898.23815	0.07347
896.81011	0.07332
895.38207	0.07316
893.95403	0.07303
892.52598	0.07298
891.09794	0.07301
889.66990	0.07311
888.24186	0.07327
886.81382	0.07349
885.38578	0.07376
883.95774	0.07408
882.52969	0.07441
881.10165	0.07472
879.67361	0.07505
878.24557	0.07544
876.81753	0.07591
875.38949	0.07646
873.96144	0.07708
872.53340	0.07779
871.10536	0.07864
869.67732	0.07967
868.24928	0.08091
866.82124	0.08237
865.39320	0.08403
863.96515	0.08583
862.53711	0.08769
861.10907	0.08958
859.68103	0.09150
858.25299	0.09343
856.82495	0.09533
855.39690	0.09713
853.96886	0.09874
852.54082	0.10008
851.11278	0.10104
849.68474	0.10160
848.25670	0.10182
846.82865	0.10194
845.40061	0.10222
843.97257	0.10283
842.54453	0.10381
841.11649	0.10511
839.68845	0.10666
838.26041	0.10836
836.83236	0.11008
835.40432	0.11168
833.97628	0.11309
832.54824	0.11428
831.12020	0.11525
829.69216	0.11599
828.26411	0.11650
826.83607	0.11675
825.40803	0.11680
823.97999	0.11676
822.55195	0.11671
821.12391	0.11674
819.69586	0.11693
818.26782	0.11733
816.83978	0.11793
815.41174	0.11875
813.98370	0.11978
812.55566	0.12098
811.12762	0.12231
809.69957	0.12367
808.27153	0.12503
806.84349	0.12636
805.41545	0.12759
803.98741	0.12865
802.55937	0.12954
801.13132	0.13029
799.70328	0.13096
798.27524	0.13159
796.84720	0.13225
795.41916	0.13300
793.99112	0.13389
792.56307	0.13492
791.13503	0.13604
789.70699	0.13724
788.27895	0.13850
786.85091	0.13982
785.42287	0.14117
783.99483	0.14253
782.56678	0.14388
781.13874	0.14525
779.71070	0.14667
778.28266	0.14816
776.85462	0.14972
775.42658	0.15131
773.99853	0.15290
772.57049	0.15448
771.14245	0.15607
769.71441	0.15768
768.28637	0.15929
766.85833	0.16092
765.43028	0.16255
764.00224	0.16422
762.57420	0.16598
761.14616	0.16786
759.71812	0.16983
758.29008	0.17185
756.86204	0.17393
755.43399	0.17609
754.00595	0.17831
752.57791	0.18056
751.14987	0.18279
749.72183	0.18501
748.29379	0.18724
746.86574	0.18950
745.43770	0.19176
744.00966	0.19398
742.58162	0.19613
741.15358	0.19822
739.72554	0.20026
738.29749	0.20223
736.86945	0.20415
735.44141	0.20611
734.01337	0.20811
732.58533	0.21014
731.15729	0.21216
729.72925	0.21413
728.30120	0.21608
726.87316	0.21810
725.44512	0.22020
724.01708	0.22229
722.58904	0.22434
721.16100	0.22639
719.73295	0.22848
718.30491	0.23057
716.87687	0.23261
715.44883	0.23462
714.02079	0.23669
712.59275	0.23886
711.16470	0.24115
709.73666	0.24353
708.30862	0.24600
706.88058	0.24851
705.45254	0.25102
704.02450	0.25352
702.59646	0.25599
701.16841	0.25840
699.74037	0.26071
698.31233	0.26283
696.88429	0.26478
695.45625	0.26666
694.02821	0.26856
692.60016	0.27050
691.17212	0.27248
689.74408	0.27458
688.31604	0.27682
686.88800	0.27910
685.45996	0.28134
684.03191	0.28356
682.60387	0.28579
681.17583	0.28800
679.74779	0.29013
678.31975	0.29218
676.89171	0.29419
675.46367	0.29615
674.03562	0.29797
672.60758	0.29948
671.17954	0.30072
669.75150	0.30232
668.32346	0.30506
666.89542	0.30784
665.46737	0.30949
664.03933	0.31061
662.61129	0.31175
661.18325	0.31297
659.75521	0.31422
658.32717	0.31546
656.89912	0.31669
655.47108	0.31781
654.04304	0.31880
652.61500	0.31968
651.18696	0.32051
649.75892	0.32138
648.33088	0.32225
646.90283	0.32305
645.47479	0.32375
644.04675	0.32440
642.61871	0.32505
641.19067	0.32571
639.76263	0.32634
638.33458	0.32693
636.90654	0.32751
635.47850	0.32807
634.05046	0.32858
632.62242	0.32902
631.19438	0.32940
629.76633	0.32977
628.33829	0.33018
626.91025	0.33069
625.48221	0.33123
624.05417	0.33173
622.62613	0.33213
621.19809	0.33243
619.77004	0.33267
618.34200	0.33294
616.91396	0.33334
615.48592	0.33399
614.05788	0.33484
612.62984	0.33576
611.20179	0.33662
609.77375	0.33745
608.34571	0.33833
606.91767	0.33932
605.48963	0.34036
604.06159	0.34135
602.63355	0.34227
601.20550	0.34320
599.77746	0.34427
598.34942	0.34543
596.92138	0.34659
595.49334	0.34768
594.06530	0.34875
592.63725	0.34993
591.20921	0.35133
589.78117	0.35291
588.35313	0.35457
586.92509	0.35633
585.49705	0.35819
584.06900	0.36012
582.64096	0.36215
581.21292	0.36434
579.78488	0.36666
578.35684	0.36904
576.92880	0.37150
575.50076	0.37403
574.07271	0.37653
572.64467	0.37895
571.21663	0.38143
569.78859	0.38407
568.36055	0.38688
566.93251	0.38978
565.50446	0.39269
564.07642	0.39564
562.64838	0.39867
561.22034	0.40174
559.79230	0.40473
558.36426	0.40761
556.93621	0.41053
555.50817	0.41360
554.08013	0.41670
552.65209	0.41958
551.22405	0.42216
549.79601	0.42458
548.36797	0.42698
546.93992	0.42931
545.51188	0.43134
544.08384	0.43288
542.65580	0.43399
541.22776	0.43487
539.79972	0.43569
538.37167	0.43641
536.94363	0.43696
535.51559	0.43734
534.08755	0.43766
532.65951	0.43791
531.23147	0.43797
529.80342	0.43784
528.37538	0.43763
526.94734	0.43751
525.51930	0.43757
524.09126	0.43777
522.66322	0.43798
521.23518	0.43817
519.80713	0.43851
518.37909	0.43914
516.95105	0.43990
515.52301	0.44058
514.09497	0.44120
512.66693	0.44190
511.23888	0.44265
509.81084	0.44323
508.38280	0.44355
506.95476	0.44365
505.52672	0.44363
504.09868	0.44345
502.67063	0.44302
501.24259	0.44232
499.81455	0.44156
498.38651	0.44101
496.95847	0.44069
495.53043	0.44048
494.10239	0.44038
492.67434	0.44055
491.24630	0.44083
489.81826	0.44079
488.39022	0.44022
486.96218	0.43922
485.53414	0.43795
484.10609	0.43669
482.67805	0.43567
481.25001	0.43467
479.82197	0.43339
478.39393	0.43172
476.96589	0.42976
475.53784	0.42760
474.10980	0.42545
472.68176	0.42377
471.25372	0.42291
469.82568	0.42247
468.39764	0.42192
466.96960	0.42113
465.54155	0.42016
464.11351	0.41913
462.68547	0.41811
461.25743	0.41699
459.82939	0.41554
458.40135	0.41363
456.97330	0.41168
455.54526	0.41027
454.11722	0.40934
452.68918	0.40852
451.26114	0.40753
449.83310	0.40624
448.40505	0.40469
446.97701	0.40316
445.54897	0.40184
444.12093	0.40078
442.69289	0.39984
441.26485	0.39877
439.83681	0.39741
438.40876	0.39588
436.98072	0.39445
435.55268	0.39343
434.12464	0.39300
432.69660	0.39293
431.26856	0.39280
429.84051	0.39226
428.41247	0.39124
426.98443	0.38983
425.55639	0.38825
424.12835	0.38688
422.70031	0.38596
421.27226	0.38553
419.84422	0.38606
418.41618	0.38765
416.98814	0.38857
415.56010	0.38848
414.13206	0.38821
412.70402	0.38807
411.27597	0.38788
409.84793	0.38744
408.41989	0.38684
406.99185	0.38625
405.56381	0.38557
404.13577	0.38448
402.70772	0.38280
401.27968	0.38047
399.85164	0.37755
