3998.51641	0.00281
3997.08837	0.00286
3995.66033	0.00292
3994.23229	0.00296
3992.80425	0.00299
3991.37620	0.00298
3989.94816	0.00293
3988.52012	0.00287
3987.09208	0.00283
3985.66404	0.00285
3984.23600	0.00290
3982.80796	0.00295
3981.37991	0.00296
3979.95187	0.00296
3978.52383	0.00299
3977.09579	0.00304
3975.66775	0.00305
3974.23971	0.00299
3972.81166	0.00290
3971.38362	0.00284
3969.95558	0.00281
3968.52754	0.00279
3967.09950	0.00278
3965.67146	0.00279
3964.24341	0.00285
3962.81537	0.00290
3961.38733	0.00289
3959.95929	0.00286
3958.53125	0.00284
3957.10321	0.00283
3955.67517	0.00281
3954.24712	0.00278
3952.81908	0.00280
3951.39104	0.00286
3949.96300	0.00291
3948.53496	0.00287
3947.10692	0.00279
3945.67887	0.00276
3944.25083	0.00280
3942.82279	0.00282
3941.39475	0.00274
3939.96671	0.00262
3938.53867	0.00252
3937.11062	0.00251
3935.68258	0.00260
3934.25454	0.00278
3932.82650	0.00294
3931.39846	0.00298
3929.97042	0.00288
3928.54238	0.00280
3927.11433	0.00283
3925.68629	0.00293
3924.25825	0.00295
3922.83021	0.00287
3921.40217	0.00281
3919.97413	0.00283
3918.54608	0.00284
3917.11804	0.00276
3915.69000	0.00258
3914.26196	0.00243
3912.83392	0.00235
3911.40588	0.00232
3909.97783	0.00235
3908.54979	0.00247
3907.12175	0.00274
3905.69371	0.00318
3904.26567	0.00361
3902.83763	0.00374
3901.40959	0.00353
3899.98154	0.00316
3898.55350	0.00280
3897.12546	0.00261
3895.69742	0.00263
3894.26938	0.00281
3892.84134	0.00295
3891.41329	0.00285
3889.98525	0.00266
3888.55721	0.00264
3887.12917	0.00280
3885.70113	0.00300
3884.27309	0.00308
3882.84504	0.00305
3881.41700	0.00290
3879.98896	0.00260
3878.56092	0.00234
3877.13288	0.00232
3875.70484	0.00249
3874.27680	0.00278
3872.84875	0.00308
3871.42071	0.00330
3869.99267	0.00329
3868.56463	0.00309
3867.13659	0.00299
3865.70855	0.00306
3864.28050	0.00310
3862.85246	0.00288
3861.42442	0.00255
3859.99638	0.00238
3858.56834	0.00245
3857.14030	0.00275
3855.71226	0.00321
3854.28421	0.00364
3852.85617	0.00353
3851.42813	0.00299
3850.00009	0.00253
3848.57205	0.00226
3847.14401	0.00219
3845.71596	0.00227
3844.28792	0.00247
3842.85988	0.00274
3841.43184	0.00306
3840.00380	0.00337
3838.57576	0.00349
3837.14771	0.00328
3835.71967	0.00295
3834.29163	0.00265
3832.86359	0.00240
3831.43555	0.00222
3830.00751	0.00215
3828.57947	0.00219
3827.15142	0.00232
3825.72338	0.00249
3824.29534	0.00273
3822.86730	0.00309
3821.43926	0.00339
3820.01122	0.00335
3818.58317	0.00310
3817.15513	0.00284
3815.72709	0.00253
3814.29905	0.00221
3812.87101	0.00202
3811.44297	0.00201
3810.01492	0.00216
3808.58688	0.00244
3807.15884	0.00267
3805.73080	0.00276
3804.30276	0.00288
3802.87472	0.00311
3801.44668	0.00323
3800.01863	0.00307
3798.59059	0.00282
3797.16255	0.00255
3795.73451	0.00224
3794.30647	0.00198
3792.87843	0.00181
3791.45038	0.00173
3790.02234	0.00177
3788.59430	0.00192
3787.16626	0.00213
3785.73822	0.00227
3784.31018	0.00227
3782.88213	0.00222
3781.45409	0.00220
3780.02605	0.00219
3778.59801	0.00211
3777.16997	0.00197
3775.74193	0.00188
3774.31389	0.00192
3772.88584	0.00210
3771.45780	0.00235
3770.02976	0.00255
3768.60172	0.00260
3767.17368	0.00256
3765.74564	0.00248
3764.31759	0.00240
3762.88955	0.00237
3761.46151	0.00247
3760.03347	0.00265
3758.60543	0.00280
3757.17739	0.00286
3755.74934	0.00295
3754.32130	0.00322
3752.89326	0.00378
3751.46522	0.00441
3750.03718	0.00441
3748.60914	0.00400
3747.18110	0.00379
3745.75305	0.00378
3744.32501	0.00374
3742.89697	0.00361
3741.46893	0.00355
3740.04089	0.00363
3738.61285	0.00388
3737.18480	0.00432
3735.75676	0.00468
3734.32872	0.00449
3732.90068	0.00392
3731.47264	0.00346
3730.04460	0.00326
3728.61655	0.00327
3727.18851	0.00340
3725.76047	0.00352
3724.33243	0.00351
3722.90439	0.00335
3721.47635	0.00311
3720.04831	0.00288
3718.62026	0.00276
3717.19222	0.00276
3715.76418	0.00290
3714.33614	0.00318
3712.90810	0.00360
3711.48006	0.00388
3710.05201	0.00369
3708.62397	0.00333
3707.19593	0.00313
3705.76789	0.00311
3704.33985	0.00321
3702.91181	0.00333
3701.48376	0.00337
3700.05572	0.00334
3698.62768	0.00333
3697.19964	0.00338
3695.77160	0.00350
3694.34356	0.00370
3692.91552	0.00407
3691.48747	0.00465
3690.05943	0.00514
3688.63139	0.00501
3687.20335	0.00457
3685.77531	0.00428
3684.34727	0.00423
3682.91922	0.00441
3681.49118	0.00476
3680.06314	0.00522
3678.63510	0.00574
3677.20706	0.00626
3675.77902	0.00661
3674.35097	0.00673
3672.92293	0.00691
3671.49489	0.00727
3670.06685	0.00744
3668.63881	0.00714
3667.21077	0.00677
3665.78273	0.00666
3664.35468	0.00680
3662.92664	0.00708
3661.49860	0.00739
3660.07056	0.00772
3658.64252	0.00811
3657.21448	0.00859
3655.78643	0.00903
3654.35839	0.00939
3652.93035	0.00984
3651.50231	0.01058
3650.07427	0.01164
3648.64623	0.01226
3647.21818	0.01208
3645.79014	0.01188
3644.36210	0.01190
3642.93406	0.01208
3641.50602	0.01235
3640.07798	0.01265
3638.64994	0.01299
3637.22189	0.01336
3635.79385	0.01381
3634.36581	0.01434
3632.93777	0.01493
3631.50973	0.01560
3630.08169	0.01645
3628.65364	0.01718
3627.22560	0.01736
3625.79756	0.01737
3624.36952	0.01754
3622.94148	0.01794
3621.51344	0.01856
3620.08539	0.01933
3618.65735	0.02004
3617.22931	0.02053
3615.80127	0.02096
3614.37323	0.02141
3612.94519	0.02179
3611.51715	0.02209
3610.08910	0.02239
3608.66106	0.02275
3607.23302	0.02304
3605.80498	0.02326
3604.37694	0.02353
3602.94890	0.02397
3601.52085	0.02455
3600.09281	0.02509
3598.66477	0.02554
3597.23673	0.02599
3595.80869	0.02647
3594.38065	0.02693
3592.95261	0.02730
3591.52456	0.02770
3590.09652	0.02828
3588.66848	0.02911
3587.24044	0.02989
3585.81240	0.03027
3584.38436	0.03045
3582.95631	0.03070
3581.52827	0.03113
3580.10023	0.03167
3578.67219	0.03220
3577.24415	0.03269
3575.81611	0.03318
3574.38806	0.03368
3572.96002	0.03418
3571.53198	0.03474
3570.10394	0.03542
3568.67590	0.03635
3567.24786	0.03748
3565.81982	0.03827
3564.39177	0.03856
3562.96373	0.03875
3561.53569	0.03906
3560.10765	0.03951
3558.67961	0.04001
3557.25157	0.04053
3555.82352	0.04108
3554.39548	0.04170
3552.96744	0.04238
3551.53940	0.04305
3550.11136	0.04366
3548.68332	0.04429
3547.25527	0.04499
3545.82723	0.04566
3544.39919	0.04614
3542.97115	0.04647
3541.54311	0.04680
3540.11507	0.04724
3538.68703	0.04777
3537.25898	0.04837
3535.83094	0.04897
3534.40290	0.04953
3532.97486	0.05008
3531.54682	0.05066
3530.11878	0.05130
3528.69073	0.05194
3527.26269	0.05252
3525.83465	0.05304
3524.40661	0.05351
3522.97857	0.05391
3521.55053	0.05423
3520.12248	0.05454
3518.69444	0.05492
3517.26640	0.05538
3515.83836	0.05584
3514.41032	0.05627
3512.98228	0.05673
3511.55424	0.05724
3510.12619	0.05776
3508.69815	0.05820
3507.27011	0.05857
3505.84207	0.05896
3504.41403	0.05941
3502.98599	0.05983
3501.55794	0.06012
3500.12990	0.06034
3498.70186	0.06058
3497.27382	0.06088
3495.84578	0.06119
3494.41774	0.06148
3492.98969	0.06177
3491.56165	0.06213
3490.13361	0.06254
3488.70557	0.06297
3487.27753	0.06338
3485.84949	0.06376
3484.42145	0.06409
3482.99340	0.06438
3481.56536	0.06460
3480.13732	0.06480
3478.70928	0.06502
3477.28124	0.06531
3475.85320	0.06566
3474.42515	0.06600
3472.99711	0.06631
3471.56907	0.06660
3470.14103	0.06689
3468.71299	0.06719
3467.28495	0.06748
3465.85690	0.06774
3464.42886	0.06800
3463.00082	0.06828
3461.57278	0.06855
3460.14474	0.06882
3458.71670	0.06911
3457.28866	0.06942
3455.86061	0.06973
3454.43257	0.07002
3453.00453	0.07027
3451.57649	0.07052
3450.14845	0.07079
3448.72041	0.07111
3447.29236	0.07146
3445.86432	0.07182
3444.43628	0.07217
3443.00824	0.07250
3441.58020	0.07283
3440.15216	0.07312
3438.72411	0.07338
3437.29607	0.07366
3435.86803	0.07400
3434.43999	0.07438
3433.01195	0.07480
3431.58391	0.07524
3430.15587	0.07569
3428.72782	0.07614
3427.29978	0.07663
3425.87174	0.07713
3424.44370	0.07765
3423.01566	0.07815
3421.58762	0.07863
3420.15957	0.07909
3418.73153	0.07956
3417.30349	0.08000
3415.87545	0.08043
3414.44741	0.08087
3413.01937	0.08135
3411.59132	0.08186
3410.16328	0.08239
3408.73524	0.08293
3407.30720	0.08348
3405.87916	0.08401
3404.45112	0.08453
3403.02308	0.08505
3401.59503	0.08558
3400.16699	0.08613
3398.73895	0.08670
3397.31091	0.08726
3395.88287	0.08779
3394.45483	0.08830
3393.02678	0.08883
3391.59874	0.08937
3390.17070	0.08988
3388.74266	0.09037
3387.31462	0.09087
3385.88658	0.09138
3384.45853	0.09194
3383.03049	0.09259
3381.60245	0.09329
3380.17441	0.09401
3378.74637	0.09470
3377.31833	0.09533
3375.89029	0.09595
3374.46224	0.09660
3373.03420	0.09732
3371.60616	0.09811
3370.17812	0.09893
3368.75008	0.09976
3367.32204	0.10054
3365.89399	0.10130
3364.46595	0.10207
3363.03791	0.10290
3361.60987	0.10379
3360.18183	0.10471
3358.75379	0.10564
3357.32575	0.10661
3355.89770	0.10770
3354.46966	0.10891
3353.04162	0.11018
3351.61358	0.11145
3350.18554	0.11268
3348.75750	0.11389
3347.32945	0.11515
3345.90141	0.11650
3344.47337	0.11793
3343.04533	0.11944
3341.61729	0.12101
3340.18925	0.12261
3338.76120	0.12419
3337.33316	0.12575
3335.90512	0.12731
3334.47708	0.12894
3333.04904	0.13067
3331.62100	0.13252
3330.19296	0.13453
3328.76491	0.13670
3327.33687	0.13897
3325.90883	0.14123
3324.48079	0.14341
3323.05275	0.14552
3321.62471	0.14768
3320.19666	0.14998
3318.76862	0.15242
3317.34058	0.15499
3315.91254	0.15763
3314.48450	0.16035
3313.05646	0.16318
3311.62841	0.16616
3310.20037	0.16929
3308.77233	0.17247
3307.34429	0.17558
3305.91625	0.17856
3304.48821	0.18150
3303.06017	0.18453
3301.63212	0.18768
3300.20408	0.19098
3298.77604	0.19446
3297.34800	0.19805
3295.91996	0.20163
3294.49192	0.20513
3293.06387	0.20846
3291.63583	0.21158
3290.20779	0.21447
3288.77975	0.21721
3287.35171	0.21987
3285.92367	0.22238
3284.49562	0.22465
3283.06758	0.22660
3281.63954	0.22819
3280.21150	0.22944
3278.78346	0.23037
3277.35542	0.23097
3275.92738	0.23113
3274.49933	0.23074
3273.07129	0.22980
3271.64325	0.22834
3270.21521	0.22640
3268.78717	0.22401
3267.35913	0.22125
3265.93108	0.21826
3264.50304	0.21514
3263.07500	0.21193
3261.64696	0.20869
3260.21892	0.20550
3258.79088	0.20243
3257.36283	0.19941
3255.93479	0.19630
3254.50675	0.19302
3253.07871	0.18974
3251.65067	0.18671
3250.22263	0.18406
3248.79459	0.18167
3247.36654	0.17929
3245.93850	0.17670
3244.51046	0.17389
3243.08242	0.17109
3241.65438	0.16850
3240.22634	0.16618
3238.79829	0.16409
3237.37025	0.16223
3235.94221	0.16052
3234.51417	0.15881
3233.08613	0.15693
3231.65809	0.15484
3230.23004	0.15269
3228.80200	0.15063
3227.37396	0.14871
3225.94592	0.14688
3224.51788	0.14511
3223.08984	0.14344
3221.66180	0.14190
3220.23375	0.14042
3218.80571	0.13891
3217.37767	0.13735
3215.94963	0.13581
3214.52159	0.13429
3213.09355	0.13274
3211.66550	0.13117
3210.23746	0.12966
3208.80942	0.12821
3207.38138	0.12681
3205.95334	0.12540
3204.52530	0.12397
3203.09725	0.12250
3201.66921	0.12100
3200.24117	0.11947
3198.81313	0.11795
3197.38509	0.11646
3195.95705	0.11499
3194.52901	0.11357
3193.10096	0.11219
3191.67292	0.11085
3190.24488	0.10953
3188.81684	0.10817
3187.38880	0.10678
3185.96076	0.10538
3184.53271	0.10400
3183.10467	0.10267
3181.67663	0.10138
3180.24859	0.10012
3178.82055	0.09885
3177.39251	0.09756
3175.96446	0.09626
3174.53642	0.09501
3173.10838	0.09382
3171.68034	0.09270
3170.25230	0.09163
3168.82426	0.09056
3167.39622	0.08946
3165.96817	0.08835
3164.54013	0.08728
3163.11209	0.08626
3161.68405	0.08528
3160.25601	0.08433
3158.82797	0.08343
3157.39992	0.08260
3155.97188	0.08185
3154.54384	0.08113
3153.11580	0.08036
3151.68776	0.07949
3150.25972	0.07855
3148.83167	0.07760
3147.40363	0.07671
3145.97559	0.07593
3144.54755	0.07528
3143.11951	0.07481
3141.69147	0.07450
3140.26343	0.07422
3138.83538	0.07382
3137.40734	0.07323
3135.97930	0.07256
3134.55126	0.07200
3133.12322	0.07166
3131.69518	0.07149
3130.26713	0.07135
3128.83909	0.07112
3127.41105	0.07083
3125.98301	0.07065
3124.55497	0.07066
3123.12693	0.07084
3121.69888	0.07106
3120.27084	0.07123
3118.84280	0.07137
3117.41476	0.07151
3115.98672	0.07165
3114.55868	0.07176
3113.13064	0.07188
3111.70259	0.07210
3110.27455	0.07240
3108.84651	0.07268
3107.41847	0.07286
3105.99043	0.07302
3104.56239	0.07331
3103.13434	0.07384
3101.70630	0.07452
3100.27826	0.07513
3098.85022	0.07550
3097.42218	0.07574
3095.99414	0.07607
3094.56610	0.07663
3093.13805	0.07738
3091.71001	0.07819
3090.28197	0.07890
3088.85393	0.07947
3087.42589	0.07996
3085.99785	0.08042
3084.56980	0.08086
3083.14176	0.08125
3081.71372	0.08160
3080.28568	0.08190
3078.85764	0.08207
3077.42960	0.08204
3076.00155	0.08178
3074.57351	0.08142
3073.14547	0.08113
3071.71743	0.08101
3070.28939	0.08102
3068.86135	0.08100
3067.43331	0.08075
3066.00526	0.08016
3064.57722	0.07929
3063.14918	0.07827
3061.72114	0.07729
3060.29310	0.07647
3058.86506	0.07583
3057.43701	0.07522
3056.00897	0.07448
3054.58093	0.07363
3053.15289	0.07278
3051.72485	0.07192
3050.29681	0.07099
3048.86876	0.06996
3047.44072	0.06899
3046.01268	0.06812
3044.58464	0.06725
3043.15660	0.06629
3041.72856	0.06517
3040.30052	0.06394
3038.87247	0.06277
3037.44443	0.06184
3036.01639	0.06116
3034.58835	0.06054
3033.16031	0.05979
3031.73227	0.05885
3030.30422	0.05780
3028.87618	0.05681
3027.44814	0.05602
3026.02010	0.05544
3024.59206	0.05493
3023.16402	0.05441
3021.73597	0.05393
3020.30793	0.05354
3018.87989	0.05322
3017.45185	0.05291
3016.02381	0.05261
3014.59577	0.05230
3013.16773	0.05194
3011.73968	0.05146
3010.31164	0.05086
3008.88360	0.05025
3007.45556	0.04982
3006.02752	0.04967
3004.59948	0.04977
3003.17143	0.05000
3001.74339	0.05033
3000.31535	0.05081
2998.88731	0.05143
2997.45927	0.05207
2996.03123	0.05272
2994.60318	0.05345
2993.17514	0.05420
2991.74710	0.05481
2990.31906	0.05525
2988.89102	0.05565
2987.46298	0.05616
2986.03494	0.05680
2984.60689	0.05750
2983.17885	0.05818
2981.75081	0.05871
2980.32277	0.05897
2978.89473	0.05895
2977.46669	0.05874
2976.03864	0.05848
2974.61060	0.05819
2973.18256	0.05782
2971.75452	0.05739
2970.32648	0.05696
2968.89844	0.05657
2967.47039	0.05619
2966.04235	0.05577
2964.61431	0.05531
2963.18627	0.05478
2961.75823	0.05419
2960.33019	0.05359
2958.90215	0.05312
2957.47410	0.05284
2956.04606	0.05278
2954.61802	0.05291
2953.18998	0.05316
2951.76194	0.05351
2950.33390	0.05395
2948.90585	0.05455
2947.47781	0.05531
2946.04977	0.05616
2944.62173	0.05702
2943.19369	0.05781
2941.76565	0.05850
2940.33760	0.05910
2938.90956	0.05963
2937.48152	0.06006
2936.05348	0.06035
2934.62544	0.06050
2933.19740	0.06050
2931.76936	0.06033
2930.34131	0.05989
2928.91327	0.05911
2927.48523	0.05805
2926.05719	0.05684
2924.62915	0.05559
2923.20111	0.05441
2921.77306	0.05336
2920.34502	0.05248
2918.91698	0.05171
2917.48894	0.05097
2916.06090	0.05019
2914.63286	0.04937
2913.20481	0.04851
2911.77677	0.04760
2910.34873	0.04667
2908.92069	0.04577
2907.49265	0.04499
2906.06461	0.04437
2904.63657	0.04388
2903.20852	0.04342
2901.78048	0.04296
2900.35244	0.04259
2898.92440	0.04234
2897.49636	0.04215
2896.06832	0.04192
2894.64027	0.04161
2893.21223	0.04128
2891.78419	0.04102
2890.35615	0.04086
2888.92811	0.04081
2887.50007	0.04085
2886.07202	0.04096
2884.64398	0.04112
2883.21594	0.04129
2881.78790	0.04145
2880.35986	0.04158
2878.93182	0.04168
2877.50378	0.04177
2876.07573	0.04186
2874.64769	0.04184
2873.21965	0.04155
2871.79161	0.04094
2870.36357	0.04012
2868.93553	0.03929
2867.50748	0.03851
2866.07944	0.03778
2864.65140	0.03712
2863.22336	0.03658
2861.79532	0.03617
2860.36728	0.03580
2858.93924	0.03536
2857.51119	0.03485
2856.08315	0.03434
2854.65511	0.03387
2853.22707	0.03345
2851.79903	0.03313
2850.37099	0.03290
2848.94294	0.03269
2847.51490	0.03241
2846.08686	0.03204
2844.65882	0.03170
2843.23078	0.03148
2841.80274	0.03140
2840.37469	0.03138
2838.94665	0.03131
2837.51861	0.03117
2836.09057	0.03098
2834.66253	0.03079
2833.23449	0.03061
2831.80645	0.03044
2830.37840	0.03026
2828.95036	0.03010
2827.52232	0.02999
2826.09428	0.02995
2824.66624	0.02996
2823.23820	0.02998
2821.81015	0.02995
2820.38211	0.02986
2818.95407	0.02973
2817.52603	0.02959
2816.09799	0.02947
2814.66995	0.02940
2813.24190	0.02941
2811.81386	0.02945
2810.38582	0.02942
2808.95778	0.02926
2807.52974	0.02900
2806.10170	0.02875
2804.67366	0.02858
2803.24561	0.02849
2801.81757	0.02845
2800.38953	0.02844
2798.96149	0.02841
2797.53345	0.02828
2796.10541	0.02807
2794.67736	0.02784
2793.24932	0.02766
2791.82128	0.02754
2790.39324	0.02742
2788.96520	0.02720
2787.53716	0.02686
2786.10911	0.02649
2784.68107	0.02618
2783.25303	0.02595
2781.82499	0.02575
2780.39695	0.02556
2778.96891	0.02540
2777.54087	0.02529
2776.11282	0.02520
2774.68478	0.02504
2773.25674	0.02476
2771.82870	0.02440
2770.40066	0.02405
2768.97262	0.02377
2767.54457	0.02354
2766.11653	0.02334
2764.68849	0.02313
2763.26045	0.02293
2761.83241	0.02275
2760.40437	0.02261
2758.97632	0.02247
2757.54828	0.02230
2756.12024	0.02210
2754.69220	0.02189
2753.26416	0.02173
2751.83612	0.02164
2750.40808	0.02156
2748.98003	0.02142
2747.55199	0.02119
2746.12395	0.02091
2744.69591	0.02063
2743.26787	0.02037
2741.83983	0.02015
2740.41178	0.01999
2738.98374	0.01987
2737.55570	0.01976
2736.12766	0.01960
2734.69962	0.01941
2733.27158	0.01920
2731.84353	0.01904
2730.41549	0.01894
2728.98745	0.01893
2727.55941	0.01895
2726.13137	0.01890
2724.70333	0.01876
2723.27529	0.01855
2721.84724	0.01832
2720.41920	0.01812
2718.99116	0.01796
2717.56312	0.01783
2716.13508	0.01769
2714.70704	0.01753
2713.27899	0.01738
2711.85095	0.01728
2710.42291	0.01722
2708.99487	0.01713
2707.56683	0.01701
2706.13879	0.01689
2704.71074	0.01679
2703.28270	0.01673
2701.85466	0.01668
2700.42662	0.01664
2698.99858	0.01659
2697.57054	0.01651
2696.14250	0.01640
2694.71445	0.01629
2693.28641	0.01619
2691.85837	0.01612
2690.43033	0.01604
2689.00229	0.01596
2687.57425	0.01586
2686.14620	0.01577
2684.71816	0.01572
2683.29012	0.01574
2681.86208	0.01580
2680.43404	0.01582
2679.00600	0.01574
2677.57795	0.01557
2676.14991	0.01538
2674.72187	0.01521
2673.29383	0.01507
2671.86579	0.01493
2670.43775	0.01477
2669.00971	0.01464
2667.58166	0.01456
2666.15362	0.01450
2664.72558	0.01445
2663.29754	0.01440
2661.86950	0.01434
2660.44146	0.01428
2659.01341	0.01422
2657.58537	0.01415
2656.15733	0.01408
2654.72929	0.01399
2653.30125	0.01391
2651.87321	0.01380
2650.44516	0.01369
2649.01712	0.01361
2647.58908	0.01355
2646.16104	0.01350
2644.73300	0.01347
2643.30496	0.01346
2641.87692	0.01346
2640.44887	0.01349
2639.02083	0.01349
2637.59279	0.01346
2636.16475	0.01340
2634.73671	0.01334
2633.30867	0.01329
2631.88062	0.01322
2630.45258	0.01315
2629.02454	0.01311
2627.59650	0.01309
2626.16846	0.01304
2624.74042	0.01296
2623.31237	0.01286
2621.88433	0.01277
2620.45629	0.01269
2619.02825	0.01263
2617.60021	0.01257
2616.17217	0.01249
2614.74413	0.01239
2613.31608	0.01228
2611.88804	0.01217
2610.46000	0.01208
2609.03196	0.01200
2607.60392	0.01191
2606.17588	0.01181
2604.74783	0.01172
2603.31979	0.01164
2601.89175	0.01155
2600.46371	0.01144
2599.03567	0.01128
2597.60763	0.01111
2596.17959	0.01099
2594.75154	0.01092
2593.32350	0.01086
2591.89546	0.01074
2590.46742	0.01060
2589.03938	0.01046
2587.61134	0.01032
2586.18329	0.01020
2584.75525	0.01010
2583.32721	0.01002
2581.89917	0.00993
2580.47113	0.00982
2579.04309	0.00971
2577.61504	0.00961
2576.18700	0.00952
2574.75896	0.00937
2573.33092	0.00920
2571.90288	0.00907
2570.47484	0.00898
2569.04680	0.00890
2567.61875	0.00880
2566.19071	0.00868
2564.76267	0.00857
2563.33463	0.00846
2561.90659	0.00835
2560.47855	0.00825
2559.05050	0.00817
2557.62246	0.00809
2556.19442	0.00802
2554.76638	0.00799
2553.33834	0.00798
2551.91030	0.00796
2550.48225	0.00789
2549.05421	0.00778
2547.62617	0.00765
2546.19813	0.00755
2544.77009	0.00749
2543.34205	0.00745
2541.91401	0.00740
2540.48596	0.00734
2539.05792	0.00729
2537.62988	0.00724
2536.20184	0.00716
2534.77380	0.00706
2533.34576	0.00698
2531.91771	0.00695
2530.48967	0.00696
2529.06163	0.00695
2527.63359	0.00693
2526.20555	0.00692
2524.77751	0.00694
2523.34946	0.00698
2521.92142	0.00702
2520.49338	0.00700
2519.06534	0.00693
2517.63730	0.00684
2516.20926	0.00678
2514.78122	0.00672
2513.35317	0.00667
2511.92513	0.00661
2510.49709	0.00657
2509.06905	0.00654
2507.64101	0.00651
2506.21297	0.00649
2504.78492	0.00648
2503.35688	0.00647
2501.92884	0.00647
2500.50080	0.00647
2499.07276	0.00646
2497.64472	0.00641
2496.21667	0.00634
2494.78863	0.00626
2493.36059	0.00620
2491.93255	0.00617
2490.50451	0.00616
2489.07647	0.00614
2487.64843	0.00607
2486.22038	0.00598
2484.79234	0.00589
2483.36430	0.00582
2481.93626	0.00577
2480.50822	0.00574
2479.08018	0.00572
2477.65213	0.00568
2476.22409	0.00562
2474.79605	0.00555
2473.36801	0.00548
2471.93997	0.00543
2470.51193	0.00538
2469.08388	0.00531
2467.65584	0.00523
2466.22780	0.00519
2464.79976	0.00518
2463.37172	0.00517
2461.94368	0.00517
2460.51564	0.00517
2459.08759	0.00517
2457.65955	0.00515
2456.23151	0.00510
2454.80347	0.00505
2453.37543	0.00502
2451.94739	0.00502
2450.51934	0.00500
2449.09130	0.00499
2447.66326	0.00499
2446.23522	0.00500
2444.80718	0.00501
2443.37914	0.00499
2441.95109	0.00496
2440.52305	0.00494
2439.09501	0.00495
2437.66697	0.00494
2436.23893	0.00489
2434.81089	0.00484
2433.38285	0.00482
2431.95480	0.00484
2430.52676	0.00487
2429.09872	0.00488
2427.67068	0.00490
2426.24264	0.00493
2424.81460	0.00497
2423.38655	0.00500
2421.95851	0.00501
2420.53047	0.00502
2419.10243	0.00502
2417.67439	0.00500
2416.24635	0.00496
2414.81830	0.00493
2413.39026	0.00490
2411.96222	0.00487
2410.53418	0.00482
2409.10614	0.00475
2407.67810	0.00470
2406.25006	0.00469
2404.82201	0.00469
2403.39397	0.00469
2401.96593	0.00470
2400.53789	0.00472
2399.10985	0.00473
2397.68181	0.00470
2396.25376	0.00464
2394.82572	0.00459
2393.39768	0.00459
2391.96964	0.00463
2390.54160	0.00469
2389.11356	0.00475
2387.68551	0.00480
2386.25747	0.00485
2384.82943	0.00491
2383.40139	0.00499
2381.97335	0.00507
2380.54531	0.00514
2379.11727	0.00521
2377.68922	0.00529
2376.26118	0.00535
2374.83314	0.00538
2373.40510	0.00531
2371.97706	0.00507
2370.54902	0.00468
2369.12097	0.00422
2367.69293	0.00372
2366.26489	0.00313
2364.83685	0.00245
2363.40881	0.00172
2361.98077	0.00106
2360.55273	0.00066
2359.12468	0.00065
2357.69664	0.00105
2356.26860	0.00175
2354.84056	0.00265
2353.41252	0.00364
2351.98448	0.00452
2350.55643	0.00510
2349.12839	0.00535
2347.70035	0.00526
2346.27231	0.00484
2344.84427	0.00420
2343.41623	0.00367
2341.98818	0.00345
2340.56014	0.00346
2339.13210	0.00356
2337.70406	0.00362
2336.27602	0.00361
2334.84798	0.00358
2333.41994	0.00358
2331.99189	0.00365
2330.56385	0.00384
2329.13581	0.00420
2327.70777	0.00470
2326.27973	0.00518
2324.85169	0.00546
2323.42364	0.00549
2321.99560	0.00535
2320.56756	0.00521
2319.13952	0.00516
2317.71148	0.00519
2316.28344	0.00524
2314.85539	0.00526
2313.42735	0.00526
2311.99931	0.00525
2310.57127	0.00525
2309.14323	0.00525
2307.71519	0.00523
2306.28715	0.00518
2304.85910	0.00510
2303.43106	0.00502
2302.00302	0.00499
2300.57498	0.00500
2299.14694	0.00505
2297.71890	0.00511
2296.29085	0.00511
2294.86281	0.00505
2293.43477	0.00497
2292.00673	0.00493
2290.57869	0.00492
2289.15065	0.00490
2287.72260	0.00483
2286.29456	0.00472
2284.86652	0.00462
2283.43848	0.00453
2282.01044	0.00444
2280.58240	0.00431
2279.15436	0.00417
2277.72631	0.00406
2276.29827	0.00403
2274.87023	0.00404
2273.44219	0.00404
2272.01415	0.00402
2270.58611	0.00396
2269.15806	0.00385
2267.73002	0.00372
2266.30198	0.00363
2264.87394	0.00363
2263.44590	0.00370
2262.01786	0.00380
2260.58981	0.00386
2259.16177	0.00386
2257.73373	0.00379
2256.30569	0.00366
2254.87765	0.00350
2253.44961	0.00332
2252.02157	0.00321
2250.59352	0.00322
2249.16548	0.00333
2247.73744	0.00343
2246.30940	0.00344
2244.88136	0.00339
2243.45332	0.00331
2242.02527	0.00321
2240.59723	0.00312
2239.16919	0.00306
2237.74115	0.00304
2236.31311	0.00303
2234.88507	0.00302
2233.45702	0.00299
2232.02898	0.00297
2230.60094	0.00299
2229.17290	0.00303
2227.74486	0.00302
2226.31682	0.00293
2224.88878	0.00283
2223.46073	0.00278
2222.03269	0.00280
2220.60465	0.00282
2219.17661	0.00282
2217.74857	0.00280
2216.32053	0.00282
2214.89248	0.00285
2213.46444	0.00284
2212.03640	0.00279
2210.60836	0.00275
2209.18032	0.00275
2207.75228	0.00279
2206.32423	0.00283
2204.89619	0.00287
2203.46815	0.00293
2202.04011	0.00299
2200.61207	0.00300
2199.18403	0.00294
2197.75599	0.00283
2196.32794	0.00274
2194.89990	0.00271
2193.47186	0.00271
2192.04382	0.00269
2190.61578	0.00261
2189.18774	0.00245
2187.75969	0.00227
2186.33165	0.00212
2184.90361	0.00203
2183.47557	0.00195
2182.04753	0.00185
2180.61949	0.00171
2179.19144	0.00155
2177.76340	0.00139
2176.33536	0.00129
2174.90732	0.00125
2173.47928	0.00125
2172.05124	0.00130
2170.62320	0.00136
2169.19515	0.00134
2167.76711	0.00121
2166.33907	0.00107
2164.91103	0.00100
2163.48299	0.00093
2162.05495	0.00062
2160.62690	0.00000
2159.19886	-0.00058
2157.77082	-0.00071
2156.34278	-0.00047
2154.91474	-0.00019
2153.48670	-0.00006
2152.05865	0.00004
2150.63061	0.00020
2149.20257	0.00042
2147.77453	0.00058
2146.34649	0.00070
2144.91845	0.00086
2143.49041	0.00109
2142.06236	0.00130
2140.63432	0.00145
2139.20628	0.00152
2137.77824	0.00149
2136.35020	0.00146
2134.92216	0.00155
2133.49411	0.00177
2132.06607	0.00203
2130.63803	0.00225
2129.20999	0.00247
2127.78195	0.00272
2126.35391	0.00298
2124.92586	0.00319
2123.49782	0.00332
2122.06978	0.00338
2120.64174	0.00344
2119.21370	0.00352
2117.78566	0.00361
2116.35762	0.00366
2114.92957	0.00369
2113.50153	0.00372
2112.07349	0.00374
2110.64545	0.00373
2109.21741	0.00371
2107.78937	0.00367
2106.36132	0.00363
2104.93328	0.00360
2103.50524	0.00361
2102.07720	0.00366
2100.64916	0.00373
2099.22112	0.00380
2097.79308	0.00380
2096.36503	0.00374
2094.93699	0.00372
2093.50895	0.00378
2092.08091	0.00388
2090.65287	0.00396
2089.22483	0.00397
2087.79678	0.00393
2086.36874	0.00385
2084.94070	0.00378
2083.51266	0.00376
2082.08462	0.00379
2080.65658	0.00377
2079.22853	0.00363
2077.80049	0.00346
2076.37245	0.00335
2074.94441	0.00334
2073.51637	0.00340
2072.08833	0.00344
2070.66029	0.00337
2069.23224	0.00321
2067.80420	0.00307
2066.37616	0.00305
2064.94812	0.00311
2063.52008	0.00315
2062.09204	0.00315
2060.66399	0.00317
2059.23595	0.00320
2057.80791	0.00315
2056.37987	0.00301
2054.95183	0.00288
2053.52379	0.00289
2052.09574	0.00295
2050.66770	0.00290
2049.23966	0.00266
2047.81162	0.00233
2046.38358	0.00207
2044.95554	0.00191
2043.52750	0.00182
2042.09945	0.00179
2040.67141	0.00181
2039.24337	0.00177
2037.81533	0.00159
2036.38729	0.00126
2034.95925	0.00084
2033.53120	0.00047
2032.10316	0.00030
2030.67512	0.00033
2029.24708	0.00039
2027.81904	0.00031
2026.39100	0.00010
2024.96295	-0.00017
2023.53491	-0.00033
2022.10687	-0.00031
2020.67883	-0.00014
2019.25079	0.00008
2017.82275	0.00023
2016.39471	0.00033
2014.96666	0.00049
2013.53862	0.00074
2012.11058	0.00094
2010.68254	0.00099
2009.25450	0.00089
2007.82646	0.00072
2006.39841	0.00063
2004.97037	0.00072
2003.54233	0.00091
2002.11429	0.00109
2000.68625	0.00120
1999.25821	0.00126
1997.83016	0.00135
1996.40212	0.00152
1994.97408	0.00168
1993.54604	0.00169
1992.11800	0.00150
1990.68996	0.00124
1989.26192	0.00109
1987.83387	0.00112
1986.40583	0.00126
1984.97779	0.00144
1983.54975	0.00169
1982.12171	0.00198
1980.69367	0.00215
1979.26562	0.00204
1977.83758	0.00166
1976.40954	0.00122
1974.98150	0.00092
1973.55346	0.00094
1972.12542	0.00127
1970.69737	0.00170
1969.26933	0.00199
1967.84129	0.00207
1966.41325	0.00203
1964.98521	0.00200
1963.55717	0.00195
1962.12913	0.00186
1960.70108	0.00182
1959.27304	0.00191
1957.84500	0.00212
1956.41696	0.00233
1954.98892	0.00241
1953.56088	0.00235
1952.13283	0.00222
1950.70479	0.00213
1949.27675	0.00213
1947.84871	0.00217
1946.42067	0.00223
1944.99263	0.00234
1943.56458	0.00252
1942.13654	0.00267
1940.70850	0.00275
1939.28046	0.00276
1937.85242	0.00278
1936.42438	0.00289
1934.99634	0.00305
1933.56829	0.00315
1932.14025	0.00312
1930.71221	0.00306
1929.28417	0.00304
1927.85613	0.00310
1926.42809	0.00318
1925.00004	0.00329
1923.57200	0.00344
1922.14396	0.00361
1920.71592	0.00375
1919.28788	0.00381
1917.85984	0.00380
1916.43179	0.00374
1915.00375	0.00370
1913.57571	0.00374
1912.14767	0.00384
1910.71963	0.00395
1909.29159	0.00399
1907.86355	0.00399
1906.43550	0.00398
1905.00746	0.00402
1903.57942	0.00408
1902.15138	0.00414
1900.72334	0.00420
1899.29530	0.00429
1897.86725	0.00437
1896.43921	0.00444
1895.01117	0.00448
1893.58313	0.00449
1892.15509	0.00452
1890.72705	0.00459
1889.29900	0.00465
1887.87096	0.00467
1886.44292	0.00465
1885.01488	0.00462
1883.58684	0.00462
1882.15880	0.00466
1880.73076	0.00471
1879.30271	0.00474
1877.87467	0.00475
1876.44663	0.00475
1875.01859	0.00476
1873.59055	0.00480
1872.16251	0.00488
1870.73446	0.00500
1869.30642	0.00513
1867.87838	0.00515
1866.45034	0.00504
1865.02230	0.00493
1863.59426	0.00490
1862.16622	0.00494
1860.73817	0.00503
1859.31013	0.00509
1857.88209	0.00510
1856.45405	0.00506
1855.02601	0.00503
1853.59797	0.00503
1852.16992	0.00507
1850.74188	0.00516
1849.31384	0.00531
1847.88580	0.00551
1846.45776	0.00574
1845.02972	0.00591
1843.60167	0.00589
1842.17363	0.00576
1840.74559	0.00570
1839.31755	0.00572
1837.88951	0.00579
1836.46147	0.00587
1835.03343	0.00594
1833.60538	0.00606
1832.17734	0.00626
1830.74930	0.00650
1829.32126	0.00668
1827.89322	0.00674
1826.46518	0.00675
1825.03713	0.00676
1823.60909	0.00675
1822.18105	0.00670
1820.75301	0.00663
1819.32497	0.00660
1817.89693	0.00664
1816.46888	0.00675
1815.04084	0.00694
1813.61280	0.00717
1812.18476	0.00739
1810.75672	0.00754
1809.32868	0.00760
1807.90064	0.00761
1806.47259	0.00765
1805.04455	0.00773
1803.61651	0.00788
1802.18847	0.00808
1800.76043	0.00827
1799.33239	0.00839
1797.90434	0.00851
1796.47630	0.00870
1795.04826	0.00894
1793.62022	0.00920
1792.19218	0.00936
1790.76414	0.00926
1789.33609	0.00908
1787.90805	0.00900
1786.48001	0.00905
1785.05197	0.00920
1783.62393	0.00940
1782.19589	0.00963
1780.76785	0.00982
1779.33980	0.00995
1777.91176	0.01003
1776.48372	0.01015
1775.05568	0.01038
1773.62764	0.01069
1772.19960	0.01092
1770.77155	0.01095
1769.34351	0.01089
1767.91547	0.01085
1766.48743	0.01086
1765.05939	0.01096
1763.63135	0.01113
1762.20330	0.01133
1760.77526	0.01152
1759.34722	0.01169
1757.91918	0.01187
1756.49114	0.01206
1755.06310	0.01223
1753.63506	0.01245
1752.20701	0.01283
1750.77897	0.01334
1749.35093	0.01373
1747.92289	0.01383
1746.49485	0.01383
1745.06681	0.01388
1743.63876	0.01405
1742.21072	0.01431
1740.78268	0.01463
1739.35464	0.01497
1737.92660	0.01530
1736.49856	0.01562
1735.07051	0.01611
1733.64247	0.01679
1732.21443	0.01725
1730.78639	0.01748
1729.35835	0.01773
1727.93031	0.01807
1726.50227	0.01851
1725.07422	0.01915
1723.64618	0.01996
1722.21814	0.02077
1720.79010	0.02162
1719.36206	0.02278
1717.93402	0.02482
1716.50597	0.02780
1715.07793	0.03036
1713.64989	0.03239
1712.22185	0.03471
1710.79381	0.03772
1709.36577	0.04157
1707.93772	0.04708
1706.50968	0.05582
1705.08164	0.06711
1703.65360	0.07728
1702.22556	0.08538
1700.79752	0.09345
1699.36948	0.10145
1697.94143	0.10639
1696.51339	0.10863
1695.08535	0.11032
1693.65731	0.11195
1692.22927	0.11382
1690.80123	0.11655
1689.37318	0.12023
1687.94514	0.12398
1686.51710	0.12782
1685.08906	0.13401
1683.66102	0.14314
1682.23298	0.15025
1680.80493	0.15491
1679.37689	0.15910
1677.94885	0.16371
1676.52081	0.16965
1675.09277	0.17724
1673.66473	0.18470
1672.23669	0.19120
1670.80864	0.19919
1669.38060	0.21002
1667.95256	0.21938
1666.52452	0.22554
1665.09648	0.23142
1663.66844	0.24002
1662.24039	0.25161
1660.81235	0.26250
1659.38431	0.27086
1657.95627	0.27781
1656.52823	0.28429
1655.10019	0.29236
1653.67214	0.30724
1652.24410	0.32316
1650.81606	0.32915
1649.38802	0.33178
1647.95998	0.33656
1646.53194	0.34394
1645.10390	0.34912
1643.67585	0.35177
1642.24781	0.35422
1640.81977	0.35717
1639.39173	0.36057
1637.96369	0.36537
1636.53565	0.37460
1635.10760	0.38713
1633.67956	0.39629
1632.25152	0.40312
1630.82348	0.41118
1629.39544	0.42278
1627.96740	0.43798
1626.53935	0.45390
1625.11131	0.46935
1623.68327	0.48573
1622.25523	0.49990
1620.82719	0.50706
1619.39915	0.50768
1617.97111	0.50108
1616.54306	0.48433
1615.11502	0.46363
1613.68698	0.44555
1612.25894	0.42764
1610.83090	0.40665
1609.40286	0.38196
1607.97481	0.35600
1606.54677	0.33195
1605.11873	0.31057
1603.69069	0.29080
1602.26265	0.27242
1600.83461	0.25650
1599.40657	0.24358
1597.97852	0.23283
1596.55048	0.22305
1595.12244	0.21366
1593.69440	0.20492
1592.26636	0.19715
1590.83832	0.19027
1589.41027	0.18430
1587.98223	0.17944
1586.55419	0.17575
1585.12615	0.17317
1583.69811	0.17164
1582.27007	0.17106
1580.84202	0.17125
1579.41398	0.17214
1577.98594	0.17414
1576.55790	0.17824
1575.12986	0.18318
1573.70182	0.18665
1572.27378	0.18970
1570.84573	0.19466
1569.41769	0.20240
1567.98965	0.21025
1566.56161	0.21676
1565.13357	0.22322
1563.70553	0.22958
1562.27748	0.23488
1560.84944	0.24062
1559.42140	0.25347
1557.99336	0.27265
1556.56532	0.28240
1555.13728	0.28786
1553.70923	0.29369
1552.28119	0.30010
1550.85315	0.30740
1549.42511	0.31524
1547.99707	0.32225
1546.56903	0.32834
1545.14099	0.33516
1543.71294	0.34420
1542.28490	0.35627
1540.85686	0.37350
1539.42882	0.38851
1538.00078	0.39462
1536.57274	0.39791
1535.14469	0.40309
1533.71665	0.41236
1532.28861	0.42255
1530.86057	0.42936
1529.43253	0.43437
1528.00449	0.44030
1526.57644	0.44740
1525.14840	0.45392
1523.72036	0.45982
1522.29232	0.46678
1520.86428	0.47399
1519.43624	0.47948
1518.00820	0.48437
1516.58015	0.48936
1515.15211	0.49242
1513.72407	0.49209
1512.29603	0.48935
1510.86799	0.48577
1509.43995	0.48106
1508.01190	0.46808
1506.58386	0.44167
1505.15582	0.42255
1503.72778	0.41159
1502.29974	0.40182
1500.87170	0.39068
1499.44365	0.37686
1498.01561	0.35904
1496.58757	0.33923
1495.15953	0.32338
1493.73149	0.31259
1492.30345	0.30348
1490.87541	0.29181
1489.44736	0.27535
1488.01932	0.25917
1486.59128	0.24767
1485.16324	0.23914
1483.73520	0.23168
1482.30716	0.22432
1480.87911	0.21715
1479.45107	0.21109
1478.02303	0.20635
1476.59499	0.20243
1475.16695	0.19895
1473.73891	0.19567
1472.31086	0.19258
1470.88282	0.19043
1469.45478	0.18929
1468.02674	0.18877
1466.59870	0.18885
1465.17066	0.18981
1463.74262	0.19142
1462.31457	0.19309
1460.88653	0.19492
1459.45849	0.19800
1458.03045	0.20527
1456.60241	0.21652
1455.17437	0.22390
1453.74632	0.22798
1452.31828	0.23158
1450.89024	0.23517
1449.46220	0.23842
1448.03416	0.24083
1446.60612	0.24182
1445.17807	0.24135
1443.75003	0.23984
1442.32199	0.23769
1440.89395	0.23520
1439.46591	0.23224
1438.03787	0.22772
1436.60983	0.22045
1435.18178	0.21237
1433.75374	0.20597
1432.32570	0.20061
1430.89766	0.19530
1429.46962	0.19039
1428.04158	0.18683
1426.61353	0.18474
1425.18549	0.18376
1423.75745	0.18367
1422.32941	0.18426
1420.90137	0.18572
1419.47333	0.18870
1418.04528	0.19281
1416.61724	0.19625
1415.18920	0.19874
1413.76116	0.20094
1412.33312	0.20302
1410.90508	0.20464
1409.47704	0.20543
1408.04899	0.20536
1406.62095	0.20452
1405.19291	0.20293
1403.76487	0.20090
1402.33683	0.19895
1400.90879	0.19719
1399.48074	0.19548
1398.05270	0.19397
1396.62466	0.19296
1395.19662	0.19252
1393.76858	0.19254
1392.34054	0.19281
1390.91249	0.19322
1389.48445	0.19377
1388.05641	0.19432
1386.62837	0.19446
1385.20033	0.19402
1383.77229	0.19325
1382.34425	0.19236
1380.91620	0.19142
1379.48816	0.19047
1378.06012	0.18955
1376.63208	0.18866
1375.20404	0.18765
1373.77600	0.18640
1372.34795	0.18499
1370.91991	0.18344
1369.49187	0.18149
1368.06383	0.17897
1366.63579	0.17608
1365.20775	0.17288
1363.77971	0.16898
1362.35166	0.16435
1360.92362	0.16006
1359.49558	0.15683
1358.06754	0.15441
1356.63950	0.15245
1355.21146	0.15087
1353.78341	0.14978
1352.35537	0.14924
1350.92733	0.14925
1349.49929	0.14982
1348.07125	0.15091
1346.64321	0.15246
1345.21516	0.15439
1343.78712	0.15662
1342.35908	0.15924
1340.93104	0.16258
1339.50300	0.16662
1338.07496	0.17031
1336.64692	0.17265
1335.21887	0.17367
1333.79083	0.17357
1332.36279	0.17242
1330.93475	0.17031
1329.50671	0.16747
1328.07867	0.16424
1326.65062	0.16098
1325.22258	0.15794
1323.79454	0.15527
1322.36650	0.15311
1320.93846	0.15146
1319.51042	0.15021
1318.08237	0.14929
1316.65433	0.14861
1315.22629	0.14815
1313.79825	0.14786
1312.37021	0.14769
1310.94217	0.14757
1309.51413	0.14750
1308.08608	0.14746
1306.65804	0.14741
1305.23000	0.14737
1303.80196	0.14733
1302.37392	0.14730
1300.94588	0.14729
1299.51783	0.14733
1298.08979	0.14743
1296.66175	0.14761
1295.23371	0.14788
1293.80567	0.14828
1292.37763	0.14886
1290.94958	0.14964
1289.52154	0.15060
1288.09350	0.15171
1286.66546	0.15298
1285.23742	0.15442
1283.80938	0.15608
1282.38134	0.15806
1280.95329	0.16041
1279.52525	0.16317
1278.09721	0.16634
1276.66917	0.16995
1275.24113	0.17397
1273.81309	0.17841
1272.38504	0.18320
1270.95700	0.18814
1269.52896	0.19295
1268.10092	0.19737
1266.67288	0.20127
1265.24484	0.20455
1263.81679	0.20717
1262.38875	0.20921
1260.96071	0.21082
1259.53267	0.21218
1258.10463	0.21345
1256.67659	0.21483
1255.24855	0.21650
1253.82050	0.21858
1252.39246	0.22110
1250.96442	0.22406
1249.53638	0.22743
1248.10834	0.23118
1246.68030	0.23527
1245.25225	0.23962
1243.82421	0.24411
1242.39617	0.24858
1240.96813	0.25289
1239.54009	0.25695
1238.11205	0.26066
1236.68400	0.26392
1235.25596	0.26660
1233.82792	0.26855
1232.39988	0.26956
1230.97184	0.26946
1229.54380	0.26816
1228.11576	0.26567
1226.68771	0.26208
1225.25967	0.25757
1223.83163	0.25239
1222.40359	0.24676
1220.97555	0.24078
1219.54751	0.23445
1218.11946	0.22778
1216.69142	0.22083
1215.26338	0.21365
1213.83534	0.20630
1212.40730	0.19886
1210.97926	0.19150
1209.55121	0.18438
1208.12317	0.17758
1206.69513	0.17112
1205.26709	0.16500
1203.83905	0.15925
1202.41101	0.15390
1200.98297	0.14895
1199.55492	0.14444
1198.12688	0.14041
1196.69884	0.13693
1195.27080	0.13401
1193.84276	0.13160
1192.41472	0.12962
1190.98667	0.12803
1189.55863	0.12675
1188.13059	0.12578
1186.70255	0.12513
1185.27451	0.12487
1183.84647	0.12506
1182.41842	0.12582
1180.99038	0.12728
1179.56234	0.12957
1178.13430	0.13267
1176.70626	0.13636
1175.27822	0.14029
1173.85018	0.14401
1172.42213	0.14715
1170.99409	0.14950
1169.56605	0.15104
1168.13801	0.15189
1166.70997	0.15218
1165.28193	0.15200
1163.85388	0.15138
1162.42584	0.15034
1160.99780	0.14887
1159.56976	0.14699
1158.14172	0.14473
1156.71368	0.14215
1155.28563	0.13932
1153.85759	0.13630
1152.42955	0.13314
1151.00151	0.12989
1149.57347	0.12663
1148.14543	0.12347
1146.71739	0.12048
1145.28934	0.11769
1143.86130	0.11510
1142.43326	0.11272
1141.00522	0.11059
1139.57718	0.10873
1138.14914	0.10713
1136.72109	0.10574
1135.29305	0.10453
1133.86501	0.10345
1132.43697	0.10249
1131.00893	0.10165
1129.58089	0.10093
1128.15284	0.10035
1126.72480	0.09988
1125.29676	0.09947
1123.86872	0.09911
1122.44068	0.09875
1121.01264	0.09842
1119.58460	0.09813
1118.15655	0.09788
1116.72851	0.09771
1115.30047	0.09763
1113.87243	0.09767
1112.44439	0.09789
1111.01635	0.09834
1109.58830	0.09904
1108.16026	0.09989
1106.73222	0.10076
1105.30418	0.10143
1103.87614	0.10174
1102.44810	0.10164
1101.02006	0.10117
1099.59201	0.10048
1098.16397	0.09975
1096.73593	0.09919
1095.30789	0.09897
1093.87985	0.09918
1092.45181	0.09984
1091.02376	0.10099
1089.59572	0.10265
1088.16768	0.10483
1086.73964	0.10747
1085.31160	0.11045
1083.88356	0.11366
1082.45551	0.11701
1081.02747	0.12044
1079.59943	0.12388
1078.17139	0.12723
1076.74335	0.13040
1075.31531	0.13334
1073.88727	0.13596
1072.45922	0.13817
1071.03118	0.13988
1069.60314	0.14108
1068.17510	0.14185
1066.74706	0.14237
1065.31902	0.14289
1063.89097	0.14359
1062.46293	0.14451
1061.03489	0.14555
1059.60685	0.14641
1058.17881	0.14674
1056.75077	0.14620
1055.32272	0.14474
1053.89468	0.14257
1052.46664	0.14005
1051.03860	0.13747
1049.61056	0.13502
1048.18252	0.13274
1046.75448	0.13063
1045.32643	0.12862
1043.89839	0.12668
1042.47035	0.12480
1041.04231	0.12298
1039.61427	0.12121
1038.18623	0.11952
1036.75818	0.11790
1035.33014	0.11640
1033.90210	0.11500
1032.47406	0.11366
1031.04602	0.11233
1029.61798	0.11097
1028.18993	0.10960
1026.76189	0.10831
1025.33385	0.10734
1023.90581	0.10701
1022.47777	0.10760
1021.04973	0.10922
1019.62169	0.11156
1018.19364	0.11405
1016.76560	0.11600
1015.33756	0.11695
1013.90952	0.11681
1012.48148	0.11583
1011.05344	0.11437
1009.62539	0.11284
1008.19735	0.11152
1006.76931	0.11061
1005.34127	0.11016
1003.91323	0.11006
1002.48519	0.11009
1001.05714	0.11002
999.62910	0.10965
998.20106	0.10885
996.77302	0.10754
995.34498	0.10567
993.91694	0.10322
992.48890	0.10031
991.06085	0.09718
989.63281	0.09415
988.20477	0.09161
986.77673	0.08986
985.34869	0.08904
983.92065	0.08914
982.49260	0.08998
981.06456	0.09130
979.63652	0.09279
978.20848	0.09411
976.78044	0.09500
975.35240	0.09526
973.92435	0.09483
972.49631	0.09376
971.06827	0.09227
969.64023	0.09064
968.21219	0.08910
966.78415	0.08777
965.35611	0.08672
963.92806	0.08592
962.50002	0.08531
961.07198	0.08481
959.64394	0.08436
958.21590	0.08400
956.78786	0.08371
955.35981	0.08345
953.93177	0.08316
952.50373	0.08283
951.07569	0.08247
949.64765	0.08212
948.21961	0.08179
946.79156	0.08150
945.36352	0.08121
943.93548	0.08088
942.50744	0.08053
941.07940	0.08019
939.65136	0.07989
938.22332	0.07962
936.79527	0.07939
935.36723	0.07924
933.93919	0.07919
932.51115	0.07924
931.08311	0.07928
929.65507	0.07920
928.22702	0.07891
926.79898	0.07838
925.37094	0.07763
923.94290	0.07667
922.51486	0.07548
921.08682	0.07410
919.65877	0.07269
918.23073	0.07139
916.80269	0.07027
915.37465	0.06925
913.94661	0.06828
912.51857	0.06740
911.09053	0.06662
909.66248	0.06597
908.23444	0.06542
906.80640	0.06503
905.37836	0.06479
903.95032	0.06464
902.52228	0.06454
901.09423	0.06445
899.66619	0.06438
898.23815	0.06437
896.81011	0.06437
895.38207	0.06435
893.95403	0.06428
892.52598	0.06420
891.09794	0.06413
889.66990	0.06412
888.24186	0.06417
886.81382	0.06429
885.38578	0.06443
883.95774	0.06458
882.52969	0.06475
881.10165	0.06491
879.67361	0.06506
878.24557	0.06521
876.81753	0.06538
875.38949	0.06557
873.96144	0.06579
872.53340	0.06603
871.10536	0.06635
869.67732	0.06679
868.24928	0.06739
866.82124	0.06817
865.39320	0.06912
863.96515	0.07025
862.53711	0.07155
861.10907	0.07301
859.68103	0.07459
858.25299	0.07627
856.82495	0.07799
855.39690	0.07963
853.96886	0.08109
852.54082	0.08222
851.11278	0.08289
849.68474	0.08306
848.25670	0.08286
846.82865	0.08260
845.40061	0.08257
843.97257	0.08289
842.54453	0.08355
841.11649	0.08450
839.68845	0.08568
838.26041	0.08705
836.83236	0.08854
835.40432	0.09005
833.97628	0.09148
832.54824	0.09280
831.12020	0.09398
829.69216	0.09496
828.26411	0.09563
826.83607	0.09597
825.40803	0.09601
823.97999	0.09589
822.55195	0.09575
821.12391	0.09567
819.69586	0.09570
818.26782	0.09589
816.83978	0.09626
815.41174	0.09677
813.98370	0.09738
812.55566	0.09805
811.12762	0.09874
809.69957	0.09943
808.27153	0.10013
806.84349	0.10082
805.41545	0.10146
803.98741	0.10200
802.55937	0.10246
801.13132	0.10284
799.70328	0.10321
798.27524	0.10367
796.84720	0.10427
795.41916	0.10502
793.99112	0.10591
792.56307	0.10693
791.13503	0.10807
789.70699	0.10933
788.27895	0.11070
786.85091	0.11216
785.42287	0.11366
783.99483	0.11517
782.56678	0.11666
781.13874	0.11816
779.71070	0.11973
778.28266	0.12138
776.85462	0.12315
775.42658	0.12500
773.99853	0.12688
772.57049	0.12874
771.14245	0.13059
769.71441	0.13244
768.28637	0.13423
766.85833	0.13589
765.43028	0.13740
764.00224	0.13874
762.57420	0.13999
761.14616	0.14120
759.71812	0.14248
758.29008	0.14389
756.86204	0.14546
755.43399	0.14716
754.00595	0.14897
752.57791	0.15091
751.14987	0.15296
749.72183	0.15513
748.29379	0.15741
746.86574	0.15979
745.43770	0.16226
744.00966	0.16482
742.58162	0.16743
741.15358	0.17009
739.72554	0.17281
738.29749	0.17555
736.86945	0.17834
735.44141	0.18120
734.01337	0.18413
732.58533	0.18712
731.15729	0.19016
729.72925	0.19316
728.30120	0.19605
726.87316	0.19883
725.44512	0.20150
724.01708	0.20404
722.58904	0.20650
721.16100	0.20895
719.73295	0.21136
718.30491	0.21369
716.87687	0.21591
715.44883	0.21812
714.02079	0.22037
712.59275	0.22271
711.16470	0.22517
709.73666	0.22772
708.30862	0.23034
706.88058	0.23305
705.45254	0.23589
704.02450	0.23882
702.59646	0.24171
701.16841	0.24447
699.74037	0.24706
698.31233	0.24945
696.88429	0.25158
695.45625	0.25346
694.02821	0.25519
692.60016	0.25691
691.17212	0.25863
689.74408	0.26029
688.31604	0.26175
686.88800	0.26302
685.45996	0.26419
684.03191	0.26535
682.60387	0.26646
681.17583	0.26751
679.74779	0.26850
678.31975	0.26941
676.89171	0.27021
675.46367	0.27088
674.03562	0.27142
672.60758	0.27190
671.17954	0.27250
669.75150	0.27351
668.32346	0.27494
666.89542	0.27599
665.46737	0.27653
664.03933	0.27708
662.61129	0.27786
661.18325	0.27881
659.75521	0.27988
658.32717	0.28108
656.89912	0.28239
655.47108	0.28371
654.04304	0.28503
652.61500	0.28638
651.18696	0.28778
649.75892	0.28914
648.33088	0.29033
646.90283	0.29128
645.47479	0.29210
644.04675	0.29291
642.61871	0.29368
641.19067	0.29433
639.76263	0.29486
638.33458	0.29532
636.90654	0.29583
635.47850	0.29646
634.05046	0.29714
632.62242	0.29778
631.19438	0.29829
629.76633	0.29868
628.33829	0.29902
626.91025	0.29936
625.48221	0.29966
624.05417	0.29986
622.62613	0.30001
621.19809	0.30021
619.77004	0.30056
618.34200	0.30108
616.91396	0.30178
615.48592	0.30264
614.05788	0.30358
612.62984	0.30445
611.20179	0.30502
609.77375	0.30521
608.34571	0.30505
606.91767	0.30458
605.48963	0.30378
604.06159	0.30271
602.63355	0.30153
601.20550	0.30033
599.77746	0.29915
598.34942	0.29798
596.92138	0.29689
595.49334	0.29596
594.06530	0.29528
592.63725	0.29484
591.20921	0.29461
589.78117	0.29454
588.35313	0.29456
586.92509	0.29466
585.49705	0.29485
584.06900	0.29510
582.64096	0.29544
581.21292	0.29590
579.78488	0.29656
578.35684	0.29743
576.92880	0.29849
575.50076	0.29969
574.07271	0.30092
572.64467	0.30211
571.21663	0.30333
569.78859	0.30475
568.36055	0.30658
566.93251	0.30895
565.50446	0.31189
564.07642	0.31533
562.64838	0.31920
561.22034	0.32338
559.79230	0.32782
558.36426	0.33252
556.93621	0.33745
555.50817	0.34246
554.08013	0.34721
552.65209	0.35137
551.22405	0.35480
549.79601	0.35751
548.36797	0.35950
546.93992	0.36075
545.51188	0.36130
544.08384	0.36118
542.65580	0.36053
541.22776	0.35948
539.79972	0.35814
538.37167	0.35659
536.94363	0.35491
535.51559	0.35314
534.08755	0.35132
532.65951	0.34950
531.23147	0.34778
529.80342	0.34619
528.37538	0.34470
526.94734	0.34327
525.51930	0.34195
524.09126	0.34084
522.66322	0.33993
521.23518	0.33917
519.80713	0.33853
518.37909	0.33797
516.95105	0.33741
515.52301	0.33679
514.09497	0.33617
512.66693	0.33561
511.23888	0.33517
509.81084	0.33481
508.38280	0.33442
506.95476	0.33393
505.52672	0.33332
504.09868	0.33261
502.67063	0.33180
501.24259	0.33095
499.81455	0.33031
498.38651	0.32994
496.95847	0.32965
495.53043	0.32925
494.10239	0.32892
492.67434	0.32897
491.24630	0.32926
489.81826	0.32913
488.39022	0.32813
486.96218	0.32638
485.53414	0.32446
484.10609	0.32305
482.67805	0.32236
481.25001	0.32177
479.82197	0.32072
478.39393	0.31924
476.96589	0.31767
475.53784	0.31621
474.10980	0.31492
472.68176	0.31386
471.25372	0.31304
469.82568	0.31227
468.39764	0.31138
466.96960	0.31043
465.54155	0.30957
464.11351	0.30888
462.68547	0.30822
461.25743	0.30756
459.82939	0.30698
458.40135	0.30646
456.97330	0.30586
455.54526	0.30530
454.11722	0.30502
452.68918	0.30485
451.26114	0.30435
449.83310	0.30348
448.40505	0.30263
446.97701	0.30218
445.54897	0.30209
444.12093	0.30194
442.69289	0.30133
441.26485	0.30035
439.83681	0.29956
438.40876	0.29937
436.98072	0.29973
435.55268	0.30040
434.12464	0.30141
432.69660	0.30303
431.26856	0.30525
429.84051	0.30758
428.41247	0.30959
426.98443	0.31132
425.55639	0.31281
424.12835	0.31368
422.70031	0.31362
421.27226	0.31295
419.84422	0.31218
418.41618	0.31137
416.98814	0.31041
415.56010	0.30947
414.13206	0.30855
412.70402	0.30755
411.27597	0.30652
409.84793	0.30559
408.41989	0.30470
406.99185	0.30362
405.56381	0.30219
404.13577	0.30051
402.70772	0.29864
401.27968	0.29640
399.85164	0.29366
